    24.00000000000000       24.00000000000000       24.00000000000000    
    24.00000000000000       24.00000000000000       24.00000000000000    
    24.00000000000000       24.00000000000000       24.00000000000000    
    24.00000000000000       24.00000000000000       24.00000000000000    
    24.00000000000000       24.00000000000000       24.00000000000000    
    24.00000000000000       24.00000000000000       24.00000000000000    
    24.00000000000000       24.00000000000000       24.00000000000000    
    24.00000000000000       24.00000000000000       24.00000000000000    
    24.00000000000000       24.00000000000000       24.00000000000000    
    24.00000000000000       24.00000000000000       24.00000000000000    
    24.00000000000000       24.00000000000000       24.00000000000000    
    24.00000000000000       24.00000000000000       24.00000000000000    
    24.00000000000000       24.00000000000000       24.00000000000000    
    24.00000000000000       24.00000000000000       24.00000000000000    
    24.00000000000000       24.00000000000000       24.00000000000000    
    24.00000000000000       24.00000000000000       24.00000000000000    
    24.00000000000000       24.00000000000000       24.00000000000000    
    24.00000000000000       24.00000000000000       24.00000000000000    
    24.00000000000000       24.00000000000000       24.00000000000000    
    24.00000000000000       24.00000000000000       24.00000000000000    
    24.00000000000000       24.00000000000000       24.00000000000000    
    24.00000000000000       1.000000000000000       1.000000000000000    
    24.00000000000000       24.00000000000000       24.00000000000000    
    24.00000000000000       24.00000000000000       24.00000000000000    
    24.00000000000000       24.00000000000000       24.00000000000000    
    24.00000000000000       24.00000000000000       24.00000000000000    
    24.00000000000000       24.00000000000000       24.00000000000000    
    24.00000000000000       24.00000000000000       24.00000000000000    
    24.00000000000000       24.00000000000000       24.00000000000000    
    24.00000000000000       24.00000000000000       24.00000000000000    
    24.00000000000000       24.00000000000000       24.00000000000000    
    24.00000000000000       24.00000000000000       24.00000000000000    
    24.00000000000000       24.00000000000000       24.00000000000000    
    24.00000000000000       24.00000000000000       24.00000000000000    
    24.00000000000000       24.00000000000000       24.00000000000000    
    24.00000000000000       24.00000000000000       24.00000000000000    
    24.00000000000000       24.00000000000000       24.00000000000000    
    24.00000000000000       24.00000000000000       24.00000000000000    
    24.00000000000000       24.00000000000000       24.00000000000000    
    24.00000000000000       24.00000000000000       24.00000000000000    
    24.00000000000000       24.00000000000000       24.00000000000000    
    24.00000000000000       24.00000000000000       24.00000000000000    
    24.00000000000000       24.00000000000000       24.00000000000000    
    24.00000000000000       1.000000000000000       1.000000000000000    
    1.000000000000000       1.000000000000000       1.000000000000000    
    1.000000000000000       1.000000000000000       1.000000000000000    
    1.000000000000000       1.000000000000000       1.000000000000000    
    1.000000000000000       1.000000000000000       1.000000000000000    
    1.000000000000000       1.000000000000000       1.000000000000000    
    1.000000000000000       1.000000000000000       1.000000000000000    
    1.000000000000000       1.000000000000000       1.000000000000000    
    1.000000000000000       1.000000000000000       1.000000000000000    
    1.000000000000000       1.000000000000000       1.000000000000000    
    1.000000000000000       1.000000000000000       1.000000000000000    
    1.000000000000000       1.000000000000000       1.000000000000000    
    1.000000000000000       1.000000000000000       1.000000000000000    
    1.000000000000000       1.000000000000000       1.000000000000000    
    1.000000000000000       1.000000000000000       1.000000000000000    
    1.000000000000000       1.000000000000000       1.000000000000000    
    1.000000000000000       1.000000000000000       1.000000000000000    
    1.000000000000000       24.00000000000000       24.00000000000000    
    24.00000000000000       24.00000000000000       24.00000000000000    
    3.000000000000000       3.000000000000000       3.000000000000000    
    3.000000000000000       3.000000000000000       3.000000000000000    
    3.000000000000000       24.00000000000000       1.000000000000000    
    1.000000000000000       1.000000000000000       1.000000000000000    
    24.00000000000000       24.00000000000000       24.00000000000000    
    24.00000000000000       24.00000000000000       24.00000000000000    
    24.00000000000000       24.00000000000000       24.00000000000000    
    24.00000000000000       24.00000000000000       24.00000000000000    
    24.00000000000000       24.00000000000000       24.00000000000000    
    24.00000000000000       24.00000000000000       24.00000000000000    
    24.00000000000000       24.00000000000000       24.00000000000000    
    24.00000000000000       24.00000000000000       24.00000000000000    
    24.00000000000000       24.00000000000000       24.00000000000000    
    24.00000000000000       24.00000000000000       24.00000000000000    
    24.00000000000000       1.000000000000000       1.000000000000000    
    1.000000000000000       1.000000000000000       1.000000000000000    
    1.000000000000000       1.000000000000000       24.00000000000000    
    24.00000000000000       24.00000000000000       24.00000000000000    
    24.00000000000000       24.00000000000000       24.00000000000000    
    24.00000000000000       24.00000000000000       24.00000000000000    
    24.00000000000000       24.00000000000000       24.00000000000000    
    24.00000000000000       1.000000000000000       1.000000000000000    
    1.000000000000000       1.000000000000000       24.00000000000000    
    24.00000000000000       1.000000000000000       24.00000000000000    
    24.00000000000000       24.00000000000000       24.00000000000000    
    24.00000000000000       1.000000000000000       1.000000000000000    
    1.000000000000000       1.000000000000000       1.000000000000000    
    1.000000000000000       1.000000000000000       1.000000000000000    
    1.000000000000000       1.000000000000000       1.000000000000000    
    1.000000000000000       1.000000000000000       1.000000000000000    
    1.000000000000000       1.000000000000000       1.000000000000000    
    1.000000000000000       1.000000000000000       24.00000000000000    
    24.00000000000000       24.00000000000000       24.00000000000000    
    24.00000000000000       1.000000000000000       1.000000000000000    
    1.000000000000000       1.000000000000000       1.000000000000000    
    1.000000000000000       1.000000000000000       1.000000000000000    
    1.000000000000000       1.000000000000000       1.000000000000000    
    1.000000000000000       1.000000000000000       1.000000000000000    
    1.000000000000000       1.000000000000000       1.000000000000000    
    1.000000000000000       1.000000000000000       1.000000000000000    
    1.000000000000000       1.000000000000000       24.00000000000000    
    1.000000000000000       1.000000000000000       1.000000000000000    
    24.00000000000000       24.00000000000000       24.00000000000000    
    1.000000000000000       1.000000000000000       1.000000000000000    
    1.000000000000000       3.000000000000000       3.000000000000000    
    3.000000000000000       3.000000000000000       3.000000000000000    
    3.000000000000000       1.000000000000000       1.000000000000000    
    1.000000000000000       1.000000000000000       1.000000000000000    
    1.000000000000000       24.00000000000000       24.00000000000000    
    24.00000000000000       24.00000000000000       24.00000000000000    
    24.00000000000000       24.00000000000000       24.00000000000000    
    24.00000000000000       24.00000000000000       24.00000000000000    
    24.00000000000000       24.00000000000000       24.00000000000000    
    24.00000000000000       24.00000000000000       24.00000000000000    
    24.00000000000000       24.00000000000000       24.00000000000000    
    24.00000000000000       24.00000000000000       24.00000000000000    
    24.00000000000000       24.00000000000000       24.00000000000000    
    24.00000000000000       24.00000000000000       24.00000000000000    
    24.00000000000000       1.000000000000000       1.000000000000000    
    1.000000000000000       1.000000000000000       1.000000000000000    
    1.000000000000000       1.000000000000000       1.000000000000000    
    1.000000000000000       1.000000000000000       24.00000000000000    
    24.00000000000000       24.00000000000000       24.00000000000000    
    24.00000000000000       1.000000000000000       24.00000000000000    
    24.00000000000000       24.00000000000000       24.00000000000000    
    24.00000000000000       24.00000000000000       24.00000000000000    
    1.000000000000000       1.000000000000000       1.000000000000000    
    1.000000000000000       1.000000000000000       1.000000000000000    
    1.000000000000000       1.000000000000000       24.00000000000000    
    24.00000000000000       1.000000000000000       1.000000000000000    
    1.000000000000000       1.000000000000000       1.000000000000000    
    1.000000000000000       24.00000000000000       4.000000000000000    
    24.00000000000000       24.00000000000000       1.000000000000000    
    1.000000000000000       1.000000000000000       24.00000000000000    
    24.00000000000000       24.00000000000000       24.00000000000000    
    24.00000000000000       22.00000000000000       24.00000000000000    
    6.000000000000000       6.000000000000000       22.00000000000000    
    22.00000000000000       22.00000000000000       22.00000000000000    
    22.00000000000000       24.00000000000000       24.00000000000000    
    24.00000000000000       24.00000000000000       24.00000000000000    
    24.00000000000000       24.00000000000000       24.00000000000000    
    24.00000000000000       1.000000000000000       1.000000000000000    
    1.000000000000000       4.000000000000000       4.000000000000000    
    4.000000000000000       24.00000000000000       1.000000000000000    
    24.00000000000000       24.00000000000000       24.00000000000000    
    24.00000000000000       24.00000000000000       1.000000000000000    
    24.00000000000000       24.00000000000000       24.00000000000000    
    1.000000000000000       24.00000000000000       1.000000000000000    
    1.000000000000000       1.000000000000000       3.000000000000000    
    3.000000000000000       3.000000000000000       3.000000000000000    
    24.00000000000000       1.000000000000000       1.000000000000000    
    1.000000000000000       1.000000000000000       1.000000000000000    
    1.000000000000000       1.000000000000000       1.000000000000000    
    1.000000000000000       1.000000000000000       1.000000000000000    
    1.000000000000000       1.000000000000000       1.000000000000000    
    24.00000000000000       24.00000000000000       24.00000000000000    
    24.00000000000000       24.00000000000000       1.000000000000000    
    24.00000000000000       24.00000000000000       24.00000000000000    
    24.00000000000000       24.00000000000000       24.00000000000000    
    24.00000000000000       24.00000000000000       24.00000000000000    
    24.00000000000000       24.00000000000000       24.00000000000000    
    24.00000000000000       24.00000000000000       1.000000000000000    
    1.000000000000000       1.000000000000000       1.000000000000000    
    1.000000000000000       1.000000000000000       1.000000000000000    
    1.000000000000000       1.000000000000000       1.000000000000000    
    1.000000000000000       1.000000000000000       1.000000000000000    
    1.000000000000000       1.000000000000000       1.000000000000000    
    1.000000000000000       1.000000000000000       1.000000000000000    
    1.000000000000000       1.000000000000000       1.000000000000000    
    1.000000000000000       1.000000000000000       24.00000000000000    
    1.000000000000000       1.000000000000000       1.000000000000000    
    1.000000000000000       1.000000000000000       1.000000000000000    
    1.000000000000000       1.000000000000000       1.000000000000000    
    1.000000000000000       1.000000000000000       1.000000000000000    
    1.000000000000000       1.000000000000000       1.000000000000000    
    4.000000000000000       4.000000000000000       4.000000000000000    
    4.000000000000000       4.000000000000000       4.000000000000000    
    4.000000000000000       4.000000000000000       4.000000000000000    
    4.000000000000000       22.00000000000000       4.000000000000000    
    4.000000000000000       6.000000000000000       6.000000000000000    
    6.000000000000000       6.000000000000000       6.000000000000000    
    6.000000000000000       6.000000000000000       6.000000000000000    
    6.000000000000000       22.00000000000000       22.00000000000000    
    22.00000000000000       22.00000000000000       24.00000000000000    
    22.00000000000000       22.00000000000000       1.000000000000000    
    1.000000000000000       1.000000000000000       1.000000000000000    
    4.000000000000000       4.000000000000000       4.000000000000000    
    3.000000000000000       4.000000000000000       4.000000000000000    
    4.000000000000000       4.000000000000000       4.000000000000000    
    22.00000000000000       24.00000000000000       24.00000000000000    
    24.00000000000000       24.00000000000000       1.000000000000000    
    1.000000000000000       24.00000000000000       1.000000000000000    
    1.000000000000000       1.000000000000000       3.000000000000000    
    3.000000000000000       1.000000000000000       1.000000000000000    
    1.000000000000000       1.000000000000000       1.000000000000000    
    1.000000000000000       1.000000000000000       1.000000000000000    
    1.000000000000000       1.000000000000000       1.000000000000000    
    1.000000000000000       1.000000000000000       1.000000000000000    
    1.000000000000000       1.000000000000000       1.000000000000000    
    1.000000000000000       1.000000000000000       1.000000000000000    
    1.000000000000000       1.000000000000000       1.000000000000000    
    1.000000000000000       1.000000000000000       1.000000000000000    
    1.000000000000000       1.000000000000000       1.000000000000000    
    1.000000000000000       1.000000000000000       1.000000000000000    
    1.000000000000000       1.000000000000000       1.000000000000000    
    1.000000000000000       1.000000000000000       1.000000000000000    
    1.000000000000000       1.000000000000000       1.000000000000000    
    1.000000000000000       1.000000000000000       1.000000000000000    
    1.000000000000000       1.000000000000000       1.000000000000000    
    1.000000000000000       1.000000000000000       1.000000000000000    
    1.000000000000000       1.000000000000000       1.000000000000000    
    1.000000000000000       1.000000000000000       1.000000000000000    
    1.000000000000000       1.000000000000000       1.000000000000000    
    1.000000000000000       1.000000000000000       1.000000000000000    
    1.000000000000000       1.000000000000000       1.000000000000000    
    1.000000000000000       1.000000000000000       1.000000000000000    
    1.000000000000000       1.000000000000000       1.000000000000000    
    1.000000000000000       1.000000000000000       1.000000000000000    
    1.000000000000000       1.000000000000000       1.000000000000000    
    7.000000000000000       13.00000000000000       1.000000000000000    
    7.000000000000000       15.00000000000000       7.000000000000000    
    15.00000000000000       15.00000000000000       15.00000000000000    
    13.00000000000000       13.00000000000000       13.00000000000000    
    13.00000000000000       4.000000000000000       4.000000000000000    
    6.000000000000000       6.000000000000000       6.000000000000000    
    6.000000000000000       6.000000000000000       6.000000000000000    
    6.000000000000000       22.00000000000000       22.00000000000000    
    1.000000000000000       1.000000000000000       1.000000000000000    
    1.000000000000000       1.000000000000000       1.000000000000000    
    1.000000000000000       1.000000000000000       1.000000000000000    
    1.000000000000000       22.00000000000000       1.000000000000000    
    1.000000000000000       1.000000000000000       4.000000000000000    
    4.000000000000000       4.000000000000000       4.000000000000000    
    4.000000000000000       4.000000000000000       4.000000000000000    
    23.00000000000000       1.000000000000000       1.000000000000000    
    1.000000000000000       4.000000000000000       24.00000000000000    
    1.000000000000000       1.000000000000000       1.000000000000000    
    1.000000000000000       1.000000000000000       1.000000000000000    
    1.000000000000000       1.000000000000000       1.000000000000000    
    1.000000000000000       1.000000000000000       1.000000000000000    
    1.000000000000000       1.000000000000000       1.000000000000000    
    1.000000000000000       1.000000000000000       1.000000000000000    
    1.000000000000000       1.000000000000000       1.000000000000000    
    1.000000000000000       1.000000000000000       1.000000000000000    
    1.000000000000000       1.000000000000000       1.000000000000000    
    1.000000000000000       1.000000000000000       1.000000000000000    
    1.000000000000000       1.000000000000000       1.000000000000000    
    1.000000000000000       1.000000000000000       1.000000000000000    
    1.000000000000000       1.000000000000000       1.000000000000000    
    1.000000000000000       1.000000000000000       1.000000000000000    
    1.000000000000000       1.000000000000000       1.000000000000000    
    1.000000000000000       1.000000000000000       1.000000000000000    
    1.000000000000000       1.000000000000000       1.000000000000000    
    1.000000000000000       1.000000000000000       1.000000000000000    
    1.000000000000000       1.000000000000000       1.000000000000000    
    1.000000000000000       1.000000000000000       1.000000000000000    
    1.000000000000000       1.000000000000000       1.000000000000000    
    1.000000000000000       1.000000000000000       1.000000000000000    
    1.000000000000000       1.000000000000000       1.000000000000000    
    1.000000000000000       1.000000000000000       1.000000000000000    
    1.000000000000000       1.000000000000000       1.000000000000000    
    1.000000000000000       1.000000000000000       1.000000000000000    
    1.000000000000000       13.00000000000000       1.000000000000000    
    15.00000000000000       15.00000000000000       13.00000000000000    
    15.00000000000000       15.00000000000000       15.00000000000000    
    15.00000000000000       15.00000000000000       15.00000000000000    
    15.00000000000000       15.00000000000000       15.00000000000000    
    15.00000000000000       13.00000000000000       13.00000000000000    
    4.000000000000000       4.000000000000000       13.00000000000000    
    13.00000000000000       6.000000000000000       23.00000000000000    
    6.000000000000000       4.000000000000000       1.000000000000000    
    1.000000000000000       1.000000000000000       1.000000000000000    
    1.000000000000000       1.000000000000000       1.000000000000000    
    1.000000000000000       1.000000000000000       1.000000000000000    
    1.000000000000000       1.000000000000000       1.000000000000000    
    1.000000000000000       1.000000000000000       1.000000000000000    
    4.000000000000000       4.000000000000000       15.00000000000000    
    15.00000000000000       15.00000000000000       4.000000000000000    
    4.000000000000000       4.000000000000000       4.000000000000000    
    4.000000000000000       4.000000000000000       4.000000000000000    
    4.000000000000000       1.000000000000000       1.000000000000000    
    1.000000000000000       1.000000000000000       1.000000000000000    
    1.000000000000000       1.000000000000000       1.000000000000000    
    1.000000000000000       1.000000000000000       1.000000000000000    
    1.000000000000000       1.000000000000000       1.000000000000000    
    1.000000000000000       1.000000000000000       1.000000000000000    
    1.000000000000000       1.000000000000000       1.000000000000000    
    1.000000000000000       1.000000000000000       1.000000000000000    
    1.000000000000000       1.000000000000000       1.000000000000000    
    1.000000000000000       1.000000000000000       1.000000000000000    
    1.000000000000000       1.000000000000000       1.000000000000000    
    1.000000000000000       1.000000000000000       1.000000000000000    
    1.000000000000000       1.000000000000000       1.000000000000000    
    1.000000000000000       1.000000000000000       1.000000000000000    
    1.000000000000000       1.000000000000000       1.000000000000000    
    1.000000000000000       1.000000000000000       1.000000000000000    
    1.000000000000000       1.000000000000000       1.000000000000000    
    1.000000000000000       1.000000000000000       1.000000000000000    
    1.000000000000000       1.000000000000000       1.000000000000000    
    1.000000000000000       1.000000000000000       1.000000000000000    
    1.000000000000000       1.000000000000000       1.000000000000000    
    1.000000000000000       1.000000000000000       1.000000000000000    
    1.000000000000000       1.000000000000000       1.000000000000000    
    1.000000000000000       1.000000000000000       1.000000000000000    
    1.000000000000000       1.000000000000000       1.000000000000000    
    1.000000000000000       1.000000000000000       1.000000000000000    
    15.00000000000000       13.00000000000000       13.00000000000000    
    13.00000000000000       15.00000000000000       15.00000000000000    
    3.000000000000000       15.00000000000000       13.00000000000000    
    3.000000000000000       1.000000000000000       24.00000000000000    
    24.00000000000000       24.00000000000000       13.00000000000000    
    13.00000000000000       24.00000000000000       13.00000000000000    
    13.00000000000000       24.00000000000000       13.00000000000000    
    13.00000000000000       15.00000000000000       7.000000000000000    
    4.000000000000000       4.000000000000000       1.000000000000000    
    1.000000000000000       1.000000000000000       1.000000000000000    
    1.000000000000000       1.000000000000000       1.000000000000000    
    1.000000000000000       1.000000000000000       1.000000000000000    
    1.000000000000000       1.000000000000000       1.000000000000000    
    1.000000000000000       1.000000000000000       1.000000000000000    
    1.000000000000000       4.000000000000000       13.00000000000000    
    13.00000000000000       13.00000000000000       18.00000000000000    
    7.000000000000000       7.000000000000000       7.000000000000000    
    7.000000000000000       7.000000000000000       1.000000000000000    
    1.000000000000000       1.000000000000000       1.000000000000000    
    1.000000000000000       1.000000000000000       1.000000000000000    
    1.000000000000000       1.000000000000000       1.000000000000000    
    1.000000000000000       1.000000000000000       1.000000000000000    
    1.000000000000000       1.000000000000000       1.000000000000000    
    1.000000000000000       1.000000000000000       1.000000000000000    
    1.000000000000000       1.000000000000000       1.000000000000000    
    1.000000000000000       1.000000000000000       1.000000000000000    
    1.000000000000000       1.000000000000000       1.000000000000000    
    1.000000000000000       1.000000000000000       1.000000000000000    
    1.000000000000000       1.000000000000000       1.000000000000000    
    1.000000000000000       1.000000000000000       1.000000000000000    
    1.000000000000000       1.000000000000000       1.000000000000000    
    1.000000000000000       1.000000000000000       1.000000000000000    
    1.000000000000000       1.000000000000000       1.000000000000000    
    1.000000000000000       1.000000000000000       1.000000000000000    
    1.000000000000000       1.000000000000000       1.000000000000000    
    1.000000000000000       1.000000000000000       1.000000000000000    
    1.000000000000000       1.000000000000000       1.000000000000000    
    1.000000000000000       1.000000000000000       1.000000000000000    
    1.000000000000000       1.000000000000000       1.000000000000000    
    1.000000000000000       24.00000000000000       1.000000000000000    
    1.000000000000000       1.000000000000000       1.000000000000000    
    1.000000000000000       1.000000000000000       1.000000000000000    
    1.000000000000000       1.000000000000000       1.000000000000000    
    1.000000000000000       1.000000000000000       1.000000000000000    
    1.000000000000000       1.000000000000000       1.000000000000000    
    1.000000000000000       1.000000000000000       15.00000000000000    
    15.00000000000000       13.00000000000000       13.00000000000000    
    3.000000000000000       24.00000000000000       24.00000000000000    
    24.00000000000000       13.00000000000000       13.00000000000000    
    24.00000000000000       24.00000000000000       24.00000000000000    
    24.00000000000000       24.00000000000000       13.00000000000000    
    13.00000000000000       15.00000000000000       7.000000000000000    
    4.000000000000000       1.000000000000000       1.000000000000000    
    1.000000000000000       1.000000000000000       1.000000000000000    
    1.000000000000000       1.000000000000000       1.000000000000000    
    1.000000000000000       1.000000000000000       1.000000000000000    
    1.000000000000000       1.000000000000000       1.000000000000000    
    1.000000000000000       1.000000000000000       1.000000000000000    
    1.000000000000000       10.00000000000000       10.00000000000000    
    13.00000000000000       13.00000000000000       18.00000000000000    
    18.00000000000000       15.00000000000000       7.000000000000000    
    7.000000000000000       1.000000000000000       1.000000000000000    
    1.000000000000000       1.000000000000000       1.000000000000000    
    1.000000000000000       1.000000000000000       1.000000000000000    
    1.000000000000000       1.000000000000000       1.000000000000000    
    1.000000000000000       1.000000000000000       1.000000000000000    
    1.000000000000000       1.000000000000000       1.000000000000000    
    1.000000000000000       1.000000000000000       1.000000000000000    
    1.000000000000000       1.000000000000000       1.000000000000000    
    1.000000000000000       1.000000000000000       1.000000000000000    
    1.000000000000000       1.000000000000000       1.000000000000000    
    1.000000000000000       1.000000000000000       1.000000000000000    
    1.000000000000000       1.000000000000000       1.000000000000000    
    1.000000000000000       1.000000000000000       1.000000000000000    
    1.000000000000000       1.000000000000000       1.000000000000000    
    1.000000000000000       1.000000000000000       1.000000000000000    
    1.000000000000000       1.000000000000000       1.000000000000000    
    1.000000000000000       1.000000000000000       1.000000000000000    
    1.000000000000000       1.000000000000000       1.000000000000000    
    1.000000000000000       1.000000000000000       1.000000000000000    
    1.000000000000000       1.000000000000000       1.000000000000000    
    1.000000000000000       1.000000000000000       1.000000000000000    
    1.000000000000000       1.000000000000000       1.000000000000000    
    1.000000000000000       24.00000000000000       13.00000000000000    
    1.000000000000000       1.000000000000000       1.000000000000000    
    1.000000000000000       1.000000000000000       1.000000000000000    
    1.000000000000000       1.000000000000000       1.000000000000000    
    1.000000000000000       1.000000000000000       1.000000000000000    
    14.00000000000000       24.00000000000000       20.00000000000000    
    1.000000000000000       1.000000000000000       1.000000000000000    
    1.000000000000000       24.00000000000000       24.00000000000000    
    24.00000000000000       24.00000000000000       24.00000000000000    
    24.00000000000000       24.00000000000000       13.00000000000000    
    22.00000000000000       22.00000000000000       13.00000000000000    
    13.00000000000000       13.00000000000000       15.00000000000000    
    15.00000000000000       16.00000000000000       1.000000000000000    
    1.000000000000000       1.000000000000000       1.000000000000000    
    1.000000000000000       1.000000000000000       1.000000000000000    
    1.000000000000000       1.000000000000000       1.000000000000000    
    1.000000000000000       1.000000000000000       1.000000000000000    
    1.000000000000000       1.000000000000000       1.000000000000000    
    1.000000000000000       1.000000000000000       1.000000000000000    
    1.000000000000000       1.000000000000000       10.00000000000000    
    13.00000000000000       13.00000000000000       7.000000000000000    
    7.000000000000000       7.000000000000000       7.000000000000000    
    1.000000000000000       1.000000000000000       1.000000000000000    
    1.000000000000000       1.000000000000000       1.000000000000000    
    1.000000000000000       1.000000000000000       1.000000000000000    
    1.000000000000000       1.000000000000000       1.000000000000000    
    1.000000000000000      0.0000000000000000E+00  0.0000000000000000E+00
    1.000000000000000       1.000000000000000       1.000000000000000    
    1.000000000000000       1.000000000000000       1.000000000000000    
    1.000000000000000       1.000000000000000       1.000000000000000    
    1.000000000000000       1.000000000000000       1.000000000000000    
    1.000000000000000       1.000000000000000       1.000000000000000    
    1.000000000000000       1.000000000000000       1.000000000000000    
    1.000000000000000       1.000000000000000       1.000000000000000    
    1.000000000000000       1.000000000000000       1.000000000000000    
    1.000000000000000       1.000000000000000       13.00000000000000    
    13.00000000000000       1.000000000000000       1.000000000000000    
    1.000000000000000       1.000000000000000       1.000000000000000    
    1.000000000000000       1.000000000000000       1.000000000000000    
    1.000000000000000       1.000000000000000       1.000000000000000    
    1.000000000000000       1.000000000000000       1.000000000000000    
    1.000000000000000       1.000000000000000       1.000000000000000    
    1.000000000000000       1.000000000000000       1.000000000000000    
    1.000000000000000       1.000000000000000       1.000000000000000    
    1.000000000000000       1.000000000000000       14.00000000000000    
    14.00000000000000       1.000000000000000       1.000000000000000    
    1.000000000000000       1.000000000000000       1.000000000000000    
    1.000000000000000       1.000000000000000       1.000000000000000    
    1.000000000000000      0.0000000000000000E+00  0.0000000000000000E+00
    24.00000000000000       24.00000000000000       24.00000000000000    
    24.00000000000000       24.00000000000000       24.00000000000000    
    24.00000000000000       24.00000000000000       24.00000000000000    
    24.00000000000000       24.00000000000000       24.00000000000000    
    24.00000000000000       20.00000000000000       15.00000000000000    
    13.00000000000000       13.00000000000000       13.00000000000000    
    13.00000000000000       13.00000000000000       16.00000000000000    
    16.00000000000000       16.00000000000000       1.000000000000000    
    1.000000000000000       1.000000000000000       1.000000000000000    
    1.000000000000000       1.000000000000000       1.000000000000000    
    1.000000000000000       1.000000000000000       1.000000000000000    
    1.000000000000000       1.000000000000000       1.000000000000000    
    1.000000000000000       1.000000000000000       1.000000000000000    
    1.000000000000000       1.000000000000000       1.000000000000000    
    1.000000000000000       1.000000000000000       1.000000000000000    
    13.00000000000000       13.00000000000000       7.000000000000000    
    7.000000000000000       1.000000000000000       1.000000000000000    
    1.000000000000000       1.000000000000000       1.000000000000000    
    1.000000000000000       1.000000000000000       1.000000000000000    
    1.000000000000000       1.000000000000000       1.000000000000000    
    1.000000000000000       1.000000000000000       1.000000000000000    
    1.000000000000000      0.0000000000000000E+00  0.0000000000000000E+00
    1.000000000000000       1.000000000000000       1.000000000000000    
    1.000000000000000       1.000000000000000       14.00000000000000    
    1.000000000000000       1.000000000000000       1.000000000000000    
    1.000000000000000       1.000000000000000       1.000000000000000    
    1.000000000000000       1.000000000000000       1.000000000000000    
    1.000000000000000       1.000000000000000       1.000000000000000    
    1.000000000000000       1.000000000000000       1.000000000000000    
    1.000000000000000       24.00000000000000       24.00000000000000    
    24.00000000000000       24.00000000000000       24.00000000000000    
    13.00000000000000       1.000000000000000       1.000000000000000    
    1.000000000000000       1.000000000000000       1.000000000000000    
    1.000000000000000       1.000000000000000       1.000000000000000    
    1.000000000000000       1.000000000000000       1.000000000000000    
    1.000000000000000       1.000000000000000       1.000000000000000    
    1.000000000000000       1.000000000000000       1.000000000000000    
    1.000000000000000       1.000000000000000       1.000000000000000    
    1.000000000000000       1.000000000000000       1.000000000000000    
    1.000000000000000       1.000000000000000       13.00000000000000    
    14.00000000000000       14.00000000000000       1.000000000000000    
    1.000000000000000       1.000000000000000       1.000000000000000    
    1.000000000000000       1.000000000000000       1.000000000000000    
    1.000000000000000      0.0000000000000000E+00   1.000000000000000    
    24.00000000000000       24.00000000000000       24.00000000000000    
    24.00000000000000       24.00000000000000       24.00000000000000    
    24.00000000000000       24.00000000000000       24.00000000000000    
    24.00000000000000       24.00000000000000       24.00000000000000    
    1.000000000000000       15.00000000000000       15.00000000000000    
    16.00000000000000       16.00000000000000       5.000000000000000    
    13.00000000000000       13.00000000000000       13.00000000000000    
    13.00000000000000       1.000000000000000       1.000000000000000    
    1.000000000000000       1.000000000000000       1.000000000000000    
    1.000000000000000       1.000000000000000       1.000000000000000    
    1.000000000000000       1.000000000000000       1.000000000000000    
    1.000000000000000       1.000000000000000       1.000000000000000    
    1.000000000000000       1.000000000000000       1.000000000000000    
    1.000000000000000       1.000000000000000       1.000000000000000    
    1.000000000000000       1.000000000000000       1.000000000000000    
    1.000000000000000       14.00000000000000       8.000000000000000    
    1.000000000000000       1.000000000000000       1.000000000000000    
    1.000000000000000       1.000000000000000       1.000000000000000    
    1.000000000000000       1.000000000000000       1.000000000000000    
    1.000000000000000       1.000000000000000       1.000000000000000    
    1.000000000000000       1.000000000000000       1.000000000000000    
    24.00000000000000       1.000000000000000      0.0000000000000000E+00
    1.000000000000000       1.000000000000000       1.000000000000000    
    1.000000000000000       14.00000000000000       14.00000000000000    
    14.00000000000000       1.000000000000000       1.000000000000000    
    1.000000000000000       1.000000000000000       1.000000000000000    
    1.000000000000000       1.000000000000000       1.000000000000000    
    1.000000000000000       1.000000000000000       1.000000000000000    
    1.000000000000000       1.000000000000000       1.000000000000000    
    1.000000000000000       24.00000000000000       24.00000000000000    
    24.00000000000000       24.00000000000000       24.00000000000000    
    14.00000000000000       1.000000000000000       1.000000000000000    
    1.000000000000000       1.000000000000000       1.000000000000000    
    1.000000000000000       1.000000000000000       1.000000000000000    
    1.000000000000000       1.000000000000000       1.000000000000000    
    1.000000000000000       1.000000000000000       1.000000000000000    
    1.000000000000000       1.000000000000000       1.000000000000000    
    1.000000000000000       1.000000000000000       1.000000000000000    
    1.000000000000000       1.000000000000000       1.000000000000000    
    1.000000000000000       1.000000000000000       9.000000000000000    
    14.00000000000000       14.00000000000000       1.000000000000000    
    1.000000000000000       1.000000000000000       1.000000000000000    
    1.000000000000000       1.000000000000000       1.000000000000000    
    1.000000000000000       1.000000000000000       1.000000000000000    
    24.00000000000000       24.00000000000000       24.00000000000000    
    24.00000000000000       24.00000000000000       24.00000000000000    
    24.00000000000000       24.00000000000000       1.000000000000000    
    24.00000000000000       24.00000000000000       1.000000000000000    
    1.000000000000000       1.000000000000000       15.00000000000000    
    15.00000000000000       16.00000000000000       1.000000000000000    
    5.000000000000000       5.000000000000000       14.00000000000000    
    1.000000000000000       1.000000000000000       1.000000000000000    
    1.000000000000000       1.000000000000000       1.000000000000000    
    1.000000000000000       1.000000000000000       1.000000000000000    
    1.000000000000000       1.000000000000000       1.000000000000000    
    1.000000000000000       1.000000000000000       1.000000000000000    
    1.000000000000000       1.000000000000000       1.000000000000000    
    1.000000000000000       1.000000000000000       1.000000000000000    
    1.000000000000000       1.000000000000000       1.000000000000000    
    1.000000000000000       1.000000000000000       5.000000000000000    
    5.000000000000000       1.000000000000000       1.000000000000000    
    1.000000000000000       1.000000000000000       1.000000000000000    
    1.000000000000000       1.000000000000000       1.000000000000000    
    1.000000000000000       1.000000000000000       1.000000000000000    
    1.000000000000000       1.000000000000000       1.000000000000000    
    24.00000000000000      0.0000000000000000E+00  0.0000000000000000E+00
    1.000000000000000       1.000000000000000       1.000000000000000    
    1.000000000000000       14.00000000000000       14.00000000000000    
    9.000000000000000       14.00000000000000       1.000000000000000    
    14.00000000000000       1.000000000000000       1.000000000000000    
    1.000000000000000       1.000000000000000       1.000000000000000    
    1.000000000000000       1.000000000000000       1.000000000000000    
    1.000000000000000       1.000000000000000       1.000000000000000    
    1.000000000000000       1.000000000000000       24.00000000000000    
    24.00000000000000       24.00000000000000       14.00000000000000    
    14.00000000000000       1.000000000000000       1.000000000000000    
    1.000000000000000       1.000000000000000       1.000000000000000    
    1.000000000000000       1.000000000000000       1.000000000000000    
    1.000000000000000       1.000000000000000       1.000000000000000    
    1.000000000000000       1.000000000000000       1.000000000000000    
    1.000000000000000       1.000000000000000       1.000000000000000    
    1.000000000000000       1.000000000000000       1.000000000000000    
    1.000000000000000       1.000000000000000       1.000000000000000    
    1.000000000000000       1.000000000000000       9.000000000000000    
    14.00000000000000       14.00000000000000       14.00000000000000    
    14.00000000000000       1.000000000000000       1.000000000000000    
    1.000000000000000       1.000000000000000       1.000000000000000    
    1.000000000000000      0.0000000000000000E+00   1.000000000000000    
    14.00000000000000       14.00000000000000       14.00000000000000    
    14.00000000000000       14.00000000000000       14.00000000000000    
    14.00000000000000       14.00000000000000       24.00000000000000    
    9.000000000000000       1.000000000000000       1.000000000000000    
    1.000000000000000       1.000000000000000       1.000000000000000    
    1.000000000000000       1.000000000000000       1.000000000000000    
    1.000000000000000       9.000000000000000       1.000000000000000    
    1.000000000000000       1.000000000000000       1.000000000000000    
    1.000000000000000       1.000000000000000       1.000000000000000    
    1.000000000000000       1.000000000000000       1.000000000000000    
    1.000000000000000       1.000000000000000       1.000000000000000    
    1.000000000000000       1.000000000000000       1.000000000000000    
    1.000000000000000       1.000000000000000       1.000000000000000    
    1.000000000000000       1.000000000000000       1.000000000000000    
    1.000000000000000       1.000000000000000       1.000000000000000    
    1.000000000000000       1.000000000000000       1.000000000000000    
    14.00000000000000       5.000000000000000       5.000000000000000    
    14.00000000000000       9.000000000000000       1.000000000000000    
    1.000000000000000       1.000000000000000       1.000000000000000    
    1.000000000000000       1.000000000000000       1.000000000000000    
    1.000000000000000       1.000000000000000       1.000000000000000    
    14.00000000000000       1.000000000000000       1.000000000000000    
    1.000000000000000       1.000000000000000       1.000000000000000    
    1.000000000000000       9.000000000000000       9.000000000000000    
    9.000000000000000       9.000000000000000       14.00000000000000    
    1.000000000000000       1.000000000000000       1.000000000000000    
    1.000000000000000       1.000000000000000       1.000000000000000    
    1.000000000000000       1.000000000000000       1.000000000000000    
    1.000000000000000       1.000000000000000       1.000000000000000    
    1.000000000000000       1.000000000000000       1.000000000000000    
    14.00000000000000       14.00000000000000       1.000000000000000    
    1.000000000000000       1.000000000000000       1.000000000000000    
    1.000000000000000       1.000000000000000       1.000000000000000    
    1.000000000000000       1.000000000000000       1.000000000000000    
    1.000000000000000       1.000000000000000       1.000000000000000    
    1.000000000000000       1.000000000000000       1.000000000000000    
    1.000000000000000       1.000000000000000       1.000000000000000    
    1.000000000000000       1.000000000000000       1.000000000000000    
    1.000000000000000       1.000000000000000       1.000000000000000    
    1.000000000000000       5.000000000000000       5.000000000000000    
    5.000000000000000       14.00000000000000       14.00000000000000    
    14.00000000000000       1.000000000000000       1.000000000000000    
    1.000000000000000       1.000000000000000       1.000000000000000    
    1.000000000000000      0.0000000000000000E+00  0.0000000000000000E+00
    8.000000000000000       14.00000000000000       14.00000000000000    
    14.00000000000000       14.00000000000000       14.00000000000000    
    14.00000000000000       14.00000000000000       14.00000000000000    
    14.00000000000000       1.000000000000000       1.000000000000000    
    1.000000000000000       1.000000000000000       1.000000000000000    
    1.000000000000000       1.000000000000000       1.000000000000000    
    1.000000000000000       1.000000000000000       1.000000000000000    
    1.000000000000000       1.000000000000000       1.000000000000000    
    1.000000000000000       1.000000000000000       1.000000000000000    
    1.000000000000000       1.000000000000000       1.000000000000000    
    1.000000000000000       1.000000000000000       1.000000000000000    
    1.000000000000000       1.000000000000000       1.000000000000000    
    1.000000000000000       1.000000000000000       1.000000000000000    
    1.000000000000000       1.000000000000000       1.000000000000000    
    1.000000000000000       1.000000000000000       1.000000000000000    
    1.000000000000000       1.000000000000000       1.000000000000000    
    1.000000000000000       1.000000000000000       1.000000000000000    
    1.000000000000000       14.00000000000000       5.000000000000000    
    14.00000000000000       1.000000000000000       1.000000000000000    
    1.000000000000000       1.000000000000000       1.000000000000000    
    1.000000000000000       1.000000000000000       1.000000000000000    
    14.00000000000000       1.000000000000000       1.000000000000000    
    1.000000000000000       1.000000000000000       1.000000000000000    
    1.000000000000000       14.00000000000000       9.000000000000000    
    9.000000000000000       9.000000000000000       1.000000000000000    
    1.000000000000000       1.000000000000000       1.000000000000000    
    1.000000000000000       1.000000000000000       1.000000000000000    
    1.000000000000000       1.000000000000000       1.000000000000000    
    1.000000000000000       1.000000000000000       1.000000000000000    
    1.000000000000000       1.000000000000000       1.000000000000000    
    1.000000000000000       1.000000000000000       1.000000000000000    
    1.000000000000000       1.000000000000000       1.000000000000000    
    1.000000000000000       1.000000000000000       1.000000000000000    
    1.000000000000000       1.000000000000000       1.000000000000000    
    1.000000000000000       1.000000000000000       1.000000000000000    
    1.000000000000000       1.000000000000000       1.000000000000000    
    1.000000000000000       1.000000000000000       1.000000000000000    
    1.000000000000000       1.000000000000000       1.000000000000000    
    1.000000000000000       1.000000000000000       1.000000000000000    
    5.000000000000000       5.000000000000000       5.000000000000000    
    5.000000000000000       5.000000000000000       14.00000000000000    
    9.000000000000000       1.000000000000000       1.000000000000000    
    1.000000000000000       1.000000000000000       1.000000000000000    
    1.000000000000000      0.0000000000000000E+00   1.000000000000000    
    1.000000000000000       1.000000000000000       1.000000000000000    
    5.000000000000000       5.000000000000000       5.000000000000000    
    14.00000000000000       14.00000000000000       14.00000000000000    
    1.000000000000000       1.000000000000000       1.000000000000000    
    1.000000000000000       1.000000000000000       1.000000000000000    
    1.000000000000000       1.000000000000000       1.000000000000000    
    1.000000000000000       5.000000000000000       1.000000000000000    
    5.000000000000000       1.000000000000000       1.000000000000000    
    1.000000000000000       1.000000000000000       1.000000000000000    
    1.000000000000000       1.000000000000000       1.000000000000000    
    1.000000000000000       1.000000000000000       1.000000000000000    
    1.000000000000000       1.000000000000000       1.000000000000000    
    1.000000000000000       1.000000000000000       1.000000000000000    
    1.000000000000000       1.000000000000000       1.000000000000000    
    1.000000000000000       1.000000000000000       1.000000000000000    
    1.000000000000000       1.000000000000000       1.000000000000000    
    1.000000000000000       1.000000000000000       1.000000000000000    
    1.000000000000000       5.000000000000000       5.000000000000000    
    5.000000000000000       5.000000000000000       1.000000000000000    
    1.000000000000000       1.000000000000000       1.000000000000000    
    1.000000000000000       1.000000000000000       1.000000000000000    
    1.000000000000000      0.0000000000000000E+00  0.0000000000000000E+00
    1.000000000000000       1.000000000000000       1.000000000000000    
    14.00000000000000       5.000000000000000       14.00000000000000    
    14.00000000000000       14.00000000000000       1.000000000000000    
    1.000000000000000       1.000000000000000       1.000000000000000    
    1.000000000000000       1.000000000000000       1.000000000000000    
    1.000000000000000       1.000000000000000       1.000000000000000    
    1.000000000000000       1.000000000000000       1.000000000000000    
    5.000000000000000       1.000000000000000       1.000000000000000    
    1.000000000000000       1.000000000000000       1.000000000000000    
    1.000000000000000       1.000000000000000       1.000000000000000    
    1.000000000000000       1.000000000000000       1.000000000000000    
    1.000000000000000       1.000000000000000       1.000000000000000    
    1.000000000000000       1.000000000000000       1.000000000000000    
    1.000000000000000       1.000000000000000       1.000000000000000    
    1.000000000000000       1.000000000000000       1.000000000000000    
    1.000000000000000       1.000000000000000       1.000000000000000    
    1.000000000000000       1.000000000000000       1.000000000000000    
    5.000000000000000       5.000000000000000       5.000000000000000    
    5.000000000000000       5.000000000000000       14.00000000000000    
    14.00000000000000       1.000000000000000       1.000000000000000    
    1.000000000000000       1.000000000000000       1.000000000000000    
    1.000000000000000       1.000000000000000       1.000000000000000    
