   (    1.5446528342900D-02,  0.)  (    6.9705993249910D-03,  0.)
   (    3.9848927948947D-03,  0.)  (    8.5240192627829D-03,  0.)
   (    3.9376938115596D-03,  0.)  (   -3.2376898773040D-04,  0.)
   (   -5.7014674344448D-04,  0.)  (   -3.3349605854230D-04,  0.)
   (   -1.8894318770266D-03,  0.)  (   -2.5458958847148D-04,  0.)
   (    5.1174151399678D-04,  0.)  (    9.8320337430630D-05,  0.)
   (    3.6115067439565D-04,  0.)  (    1.0058262529317D-03,  0.)
   (    2.9051353302523D-06,  0.)  (    3.8695765326431D-04,  0.)
   (   -7.1799303126035D-05,  0.)  (    1.0146210863487D-04,  0.)
   (    3.9413837130395D-05,  0.)  (    3.6933700651037D-04,  0.)
   (    1.0642104524808D-06,  0.)
   (   -3.2025873769167D-03,    3.4101403436817D-03)
   (    1.3000170499024D-03,    2.6883947820632D-03)
   (   -5.5423447032989D-04,   -7.5076945163615D-04)
   (   -2.1292872137153D-03,    2.8041949446621D-03)
   (   -1.4010715457060D-03,    3.8482826657943D-03)
   (   -1.9217984898011D-03,   -5.2261029696388D-05)
   (   -6.9782706171168D-04,    9.3573197578895D-04)
   (   -6.7202528485504D-04,    9.1008768419703D-04)
   (    2.2090251761450D-04,   -1.4631435177630D-03)
   (    1.2410244389332D-04,   -4.6256955879651D-04)
   (    3.2612172980389D-04,    7.3512488410454D-04)
   (    2.0848425762421D-04,    3.9824575163205D-05)
   (    1.4505598482971D-04,    2.4580904443311D-04)
   (   -5.0897406469711D-05,    1.0159253582667D-03)
   (    1.5140233480234D-04,    2.7111456002922D-04)
   (   -9.8326660522921D-05,   -1.8883148891168D-04)
   (   -4.9128069137847D-05,   -6.1141360094296D-05)
   (    1.0356724464834D-04,   -2.7839812932240D-04)
   (    9.7773049072668D-05,   -2.1694022870787D-04)
   (    1.2175331788120D-04,   -9.9161197420652D-05)
   (    4.1211587430581D-04,   -6.9272690232694D-05)
   (   -3.0084236941125D-03,   -1.3781714530621D-03)
   (   -4.6270868060124D-03,   -7.8790861493932D-05)
   (    1.6874906984305D-03,    1.1080267866205D-03)
   (    5.3581499140680D-04,    1.2264628306675D-03)
   (   -2.3723690520077D-03,    2.7587110455814D-04)
   (   -1.4214792881772D-04,    4.6848141526576D-04)
   (   -1.4212140184520D-04,    9.0834264453856D-04)
   (   -1.2966195802663D-03,   -5.1821526519179D-04)
   (    1.7730919497729D-05,   -6.4004071187355D-04)
   (    9.2744261077950D-04,   -4.5070343595434D-04)
   (   -8.3898105120704D-04,   -2.5823171488508D-04)
   (   -3.7928995400816D-04,   -1.8774452942990D-04)
   (   -8.1102904998731D-05,    1.0353938336824D-04)
   (   -4.8347065119595D-04,    1.5804761192012D-04)
   (   -3.2373803940706D-04,    1.6403323716432D-04)
   (    5.9039432722706D-05,    6.3667973950416D-05)
   (    2.9661559352819D-04,   -7.1622951709252D-05)
   (    2.2071646390633D-04,    2.1882815809877D-04)
   (    2.3466426039520D-04,    5.9846355840755D-05)
   (    2.3126639086741D-04,    1.0273808905859D-05)
   (   -9.7416488952930D-05,    1.7747681884343D-03)
   (   -1.4043799582662D-03,   -2.5401063496791D-03)
   (   -9.9003192091661D-04,    6.7370541398789D-04)
   (   -1.9804213641011D-04,    9.6497798348380D-04)
   (    8.8117727199635D-05,   -1.7290732796350D-03)
   (   -2.9476273321273D-05,    3.2904523029214D-04)
   (   -1.0600016836995D-03,    6.9837455838137D-04)
   (   -2.8903917681709D-04,   -6.5848027817630D-04)
   (   -4.2666389340366D-04,    1.9909609588720D-04)
   (   -1.1082613854880D-03,    1.2469698199231D-03)
   (   -3.6666717975371D-04,   -3.7763951668655D-04)
   (   -6.5222484528974D-05,   -1.1345072277863D-04)
   (   -2.3332733269825D-04,    3.4277032696019D-04)
   (    9.0430225945726D-06,   -6.0887326821083D-06)
   (   -5.6616836603537D-05,   -4.6458009744869D-04)
   (    1.1479182952661D-04,    2.7705711124540D-04)
   (    7.3058678689328D-07,   -1.2788441208380D-06)
   (    9.0989654565172D-05,    2.8064077347305D-04)
   (    1.1574676755099D-04,    2.2402363548258D-04)
   (   -1.7249010375565D-04,    2.6870265350252D-04)
   (    7.3056085661306D-04,   -2.8900541091908D-03)
   (    2.8511416855104D-03,    1.0162345466913D-03)
   (   -7.6937425772461D-04,    2.2896774713047D-04)
   (   -2.0788260899555D-03,   -1.3473600798682D-03)
   (   -2.1478014721357D-04,    4.9035169466144D-04)
   (   -5.9497674549747D-04,    3.9210602164923D-04)
   (   -1.0384225313535D-03,   -7.2719474594281D-04)
   (    2.3021138265228D-04,   -4.1872351656096D-04)
   (    6.8755680828163D-05,    4.1408470045536D-04)
   (   -8.8804709170195D-04,   -2.0336979584112D-04)
   (    3.0943985963369D-04,   -1.1664936993961D-04)
   (    4.2563536475278D-04,    3.8898354438528D-04)
   (   -1.8972185314427D-04,    7.8820488191290D-05)
   (   -1.7057391607563D-04,    7.1752201457385D-05)
   (    2.9448118049131D-04,    3.6834294305277D-04)
   (   -1.8868248618398D-04,   -4.0668119600164D-05)
   (   -1.1880610705287D-04,    1.8295543576353D-04)
   (    5.6877841855709D-06,    1.5230644150580D-04)
   (    1.1000292417055D-04,    2.7901428016072D-04)
   (    6.8734003093150D-04,    2.1944400576785D-03)
   (    5.0969633832132D-04,    2.1541030856829D-03)
   (    6.2079293584340D-04,    1.6307595442530D-04)
   (    9.2061238970548D-05,   -3.7003114267462D-04)
   (   -2.9564985477096D-04,    5.0612314668322D-04)
   (   -1.5082135531298D-04,    4.7458726405761D-04)
   (    5.5523867502709D-04,   -2.2344745459386D-04)
   (    4.3715052393910D-04,    5.2347575240749D-04)
   (    8.2084750488557D-05,    4.0918312381723D-04)
   (    5.5277923374111D-04,   -2.7164934460117D-04)
   (    9.4606720790656D-05,    1.0867077997653D-04)
   (   -5.5419416913311D-04,    6.4602167202533D-04)
   (   -1.1999623650417D-04,    2.3440294229122D-04)
   (    6.7659081724793D-06,    1.1655622892770D-04)
   (   -1.0391479270943D-04,    1.2724979141342D-04)
   (   -4.3844904131892D-05,   -2.6554905370671D-04)
   (    3.7308033451642D-04,   -2.4444841765006D-04)
   (   -3.6981135384416D-05,   -1.1415377842922D-04)
   (   -4.1022573987687D-05,   -1.9124022147342D-04)
   (   -1.2956762225631D-03,    6.0444112486355D-05)
   (   -4.9561494600538D-04,   -5.3537041209132D-04)
   (   -1.7936230442626D-05,    3.4355915992972D-05)
   (    9.7421072868223D-04,    2.6212104369562D-04)
   (   -9.0240568121570D-05,    1.9060972159291D-04)
   (   -8.4558577491061D-04,   -1.5356212702072D-04)
   (    2.1094643823147D-04,   -4.6855067447908D-04)
   (   -5.2369821272133D-04,   -1.3724526852287D-04)
   (   -6.5952763273531D-04,   -2.7194106422149D-04)
   (    5.0853261511382D-05,   -2.8668135551579D-04)
   (    1.1690403398761D-04,    1.2166927730279D-04)
   (   -5.3049801461399D-04,   -2.7823110425733D-04)
   (   -2.6644108621653D-04,   -1.7163316873253D-04)
   (   -1.8914330467507D-04,    1.3464653918872D-04)
   (   -5.0600134687249D-05,   -2.1827317895740D-04)
   (    1.5083115613892D-04,   -1.7683787807951D-04)
   (    1.2790059335226D-05,    7.3850385354359D-06)
   (   -1.1164618714725D-04,   -1.5052589041988D-04)
   (    8.5720199126621D-04,   -1.5769872596457D-03)
   (   -1.1251648736831D-03,   -2.0822854909625D-03)
   (    1.1138507995514D-05,   -1.0302080590924D-03)
   (    3.2422393128835D-04,    7.2283229215614D-04)
   (   -3.1792086539762D-04,    2.9899929536474D-04)
   (    7.5489889163411D-05,   -2.7930244384720D-04)
   (   -2.4362542195639D-04,    5.5999833364028D-04)
   (   -2.4845949801857D-04,    5.2852693681727D-04)
   (   -3.3185304636821D-04,   -2.9746839537725D-05)
   (   -1.9513558756254D-04,   -8.1592379573247D-05)
   (    1.2927189027395D-04,    2.8972029375179D-04)
   (   -1.1973852736365D-04,   -1.2124705810107D-04)
   (   -1.6436950395543D-04,    2.9981302428064D-04)
   (   -9.3817507723434D-05,   -6.0516986278478D-05)
   (   -1.9215547777271D-04,   -1.3468371187490D-04)
   (    4.2614891883738D-05,    3.1162717181259D-05)
   (   -1.7615574717893D-04,   -2.5455223629058D-05)
   (    1.3507053318405D-04,   -1.2186341911895D-04)
   (   -6.3029337106614D-04,    4.1029582707074D-04)
   (    1.5095798407582D-04,    9.2652983887165D-05)
   (    3.2592374520830D-05,   -8.0117766587876D-05)
   (   -6.8132289589171D-04,   -2.0566664977593D-04)
   (   -1.2757126665977D-04,   -4.6454433955489D-04)
   (    9.1013279666305D-04,   -3.0879868452119D-04)
   (    1.9677420380880D-04,    2.1401156052291D-04)
   (    7.2553863336312D-05,   -2.2355571467802D-04)
   (    8.1811282900106D-04,   -6.2897904323924D-04)
   (    4.7677507912128D-04,   -4.2059466717632D-04)
   (   -2.2616401672936D-04,   -2.5411193308066D-04)
   (    4.8944385010924D-04,   -2.2485461936516D-04)
   (    3.0102857669686D-04,   -3.4325317093018D-04)
   (    3.7628583109955D-06,   -3.5159025028852D-04)
   (    2.8150125497019D-04,    7.3044622221461D-05)
   (    3.4226873329264D-05,    9.1261340845052D-06)
   (    1.1196308857559D-04,    6.5791093934184D-05)
   (    1.3423440217091D-04,    2.4316851474898D-04)
   (    8.7500708144748D-04,    1.8670683705610D-03)
   (   -6.9793417404619D-04,    7.9194644666900D-04)
   (   -6.5859858391299D-04,   -1.7872004579883D-04)
   (    6.8573858720218D-04,    8.5108477983632D-05)
   (   -5.4946089587695D-05,    2.3554485585305D-04)
   (   -1.0783043895092D-04,   -1.8014550901307D-04)
   (   -2.7154137655223D-05,   -3.3324652761951D-04)
   (    1.8536246816935D-04,    5.2617054479533D-04)
   (    2.1447929124665D-04,    5.3657575985181D-04)
   (   -2.6135778303072D-04,    1.4074517322421D-05)
   (   -3.4394681792207D-04,    4.4841488081848D-04)
   (   -2.6239937916712D-04,    4.2917722163941D-04)
   (   -8.6933104247523D-05,    1.1178140180211D-04)
   (   -2.4096193705256D-04,   -3.8433932197411D-05)
   (   -3.3720563382405D-04,   -1.8424310454917D-04)
   (   -1.4449839955063D-04,   -3.4651129147174D-04)
   (    9.2220563383618D-04,    3.4762611694048D-04)
   (    1.3288768836078D-04,   -3.0143572737222D-04)
   (    6.5833173817266D-04,    4.4710588059509D-04)
   (    6.9882458131315D-04,    1.8579164036464D-04)
   (   -2.6153826577553D-04,   -1.0070515779774D-04)
   (   -6.7142545118941D-04,    4.6646706244984D-04)
   (    9.7105315338532D-05,   -2.4289139290809D-04)
   (    7.0854994944455D-04,    3.1394047740187D-05)
   (   -2.7264087086777D-04,    3.0382773535655D-04)
   (   -8.4442895070606D-05,    1.1273713627536D-04)
   (    3.3320726135949D-04,    5.0017740917063D-04)
   (   -5.5754762695800D-05,    2.2941273481928D-04)
   (   -2.7286605792753D-04,   -9.4310819263044D-05)
   (    1.5782092284907D-04,   -2.9090966086023D-05)
   (   -1.5000221249363D-04,   -5.6274030489917D-05)
   (   -3.9927276286716D-05,   -2.5074446293191D-04)
   (   -3.2511559715448D-04,   -7.4769353616995D-04)
   (   -5.5445312767287D-04,   -1.1447413568608D-03)
   (    1.5252114139287D-04,   -4.0305640606133D-04)
   (    4.7520358238146D-04,    5.6493085652678D-04)
   (   -2.9268253781685D-04,    2.8220078638660D-04)
   (   -1.7312126974292D-04,   -8.0162062812393D-04)
   (   -9.2832340811956D-05,    7.9609323261872D-05)
   (    8.4655281048579D-06,    4.8035563929739D-04)
   (    1.2567709645248D-04,   -5.1073757024225D-04)
   (    1.4837078768020D-04,   -2.3193794112578D-04)
   (   -2.1104145644764D-05,    9.3902756830048D-05)
   (   -1.5835027067143D-04,   -2.8349602596589D-04)
   (   -2.4286793771904D-05,   -3.5517201624564D-04)
   (   -1.2942711847696D-04,   -1.0006976509126D-05)
   (   -2.2435265335052D-04,   -2.2645247574558D-04)
   (    1.6690623009732D-04,   -2.3398307938923D-04)
   (   -6.3233012470105D-04,    4.4248256365404D-04)
   (   -4.7615692542329D-04,    7.7088722691462D-04)
   (    3.2548085649623D-04,   -6.0375684361190D-04)
   (   -6.5013022376831D-04,   -3.1076063194633D-04)
   (   -2.5342430991431D-04,    1.2864936284295D-04)
   (    6.2652710300295D-04,    2.9491734297807D-05)
   (    1.2226290792447D-04,    2.6343691498536D-04)
   (   -6.4888572326200D-04,   -9.8659789786858D-05)
   (   -7.1398571193933D-05,    9.3927257036334D-05)
   (   -9.4018847317224D-05,    3.7909301209893D-04)
   (   -4.4404984303323D-04,   -2.3402879624505D-04)
   (   -3.3434338688998D-05,    1.1839235766358D-04)
   (    1.3388488958040D-04,    3.8322626711937D-04)
   (   -1.7402628513731D-04,    2.9124048254626D-04)
   (    1.3298927788666D-04,    7.7131700226926D-05)
   (    5.7285001396811D-04,    3.9027542047010D-04)
   (    7.7158980285856D-04,   -4.3365356372589D-04)
   (   -5.3084232737473D-04,    4.6015983227965D-04)
   (    6.4195403560813D-05,   -3.7533248449022D-04)
   (    4.6250951533969D-04,   -4.1740798493935D-04)
   (   -1.0964722587294D-04,    5.4564870992964D-04)
   (   -2.0921384004341D-06,   -5.2569959209944D-06)
   (    3.6835250540233D-04,   -1.6283607029825D-04)
   (   -1.6346667528492D-05,    2.2054000299309D-04)
   (   -1.0654308073575D-04,    3.0247398911796D-04)
   (    3.1289205197018D-05,    7.2284130780057D-05)
   (    3.2010953603329D-04,    3.2006098337855D-05)
   (    2.5110345581874D-05,   -1.4805796740643D-04)
   (   -9.5434801516340D-05,   -2.0841888628604D-04)
   (    1.5980557039288D-04,   -1.6535872695978D-04)
   (    4.2615754694468D-05,   -2.8344668419050D-04)
   (    3.9884023998026D-04,    6.2572025562743D-05)
   (    1.4418235168730D-05,    4.9183109261004D-04)
   (   -1.9827605117288D-05,    2.9192787013244D-04)
   (   -1.2233126481405D-04,   -1.1675577219757D-04)
   (   -2.5847018274323D-04,   -2.7490747653842D-04)
   (   -4.8931317040908D-05,   -4.7438231173876D-04)
   (    4.9952627860472D-05,    2.0685895011715D-04)
   (    1.4483774496391D-04,   -3.0385279853742D-05)
   (   -1.7284346988089D-04,   -2.1673117130064D-04)
   (    5.2769758469872D-05,   -6.3382638006631D-05)
   (   -2.6593034350767D-04,   -8.7126268276137D-05)
   (   -1.9509042772744D-04,   -9.6168812599657D-05)
   (   -6.2111736030657D-05,   -3.0307693403968D-04)
   (   -3.5470166962667D-04,   -1.2217211509684D-04)
   (   -7.7315364839218D-04,    4.8869976611159D-04)
   (    1.2271087965273D-04,    6.5474190823882D-05)
   (   -3.0624057932400D-04,    2.2977829999804D-05)
   (   -4.1469222900814D-04,    2.3158855390273D-04)
   (    2.2608381662206D-04,   -2.8997197541088D-04)
   (   -8.2006547972849D-05,    9.1541819467700D-05)
   (   -5.3752590658145D-05,   -1.0362107070976D-04)
   (    3.8266300195752D-05,   -6.2090799705265D-05)
   (    3.0056326669900D-05,   -2.7814956837463D-05)
   (    1.3900372786176D-04,    1.9545724168698D-04)
   (   -2.2320216482984D-04,    1.7673606514598D-04)
   (   -2.4066458169328D-05,   -4.2566175541198D-05)
   (    2.5749347570698D-05,    8.3509948084591D-05)
   (   -2.6548399700412D-04,    4.1748254295276D-04)
   (    7.5739671450088D-04,    1.6718656848397D-04)
   (   -8.3375298986664D-05,   -4.0780390223425D-04)
   (    2.0804800262512D-04,    1.3679387718759D-04)
   (    2.5503358268732D-04,   -1.3314148172146D-05)
   (   -1.4265584574405D-04,    2.3039746316307D-04)
   (    2.6400922266156D-04,    1.2973959954108D-04)
   (   -5.0798993013141D-06,   -3.1752142504802D-04)
   (    2.7584343252040D-05,   -6.1867189640448D-05)
   (    1.1213289003738D-04,    1.6090896675687D-04)
   (   -9.0617235325024D-05,   -1.5920493139482D-04)
   (    1.1346816595732D-04,   -1.7930519401765D-04)
   (    1.5932624417763D-04,    4.5952174797282D-05)
   (    2.3572676273542D-04,   -6.1181843649934D-04)
   (   -6.9440552679794D-04,   -6.8074312986767D-04)
   (   -1.9665797259385D-04,   -2.4887667463340D-04)
   (    3.1328242671234D-04,   -1.8993165766177D-04)
   (    2.6593408553906D-04,   -7.6742342272799D-05)
   (   -5.2465318992313D-05,   -1.8112666736442D-05)
   (    2.1786010044337D-04,   -9.2910366086773D-05)
   (    1.6663027933930D-05,    1.2924291044873D-04)
   (    1.0714978444562D-04,    1.2284108677318D-04)
   (   -1.3595291209345D-04,   -2.6494210936081D-04)
   (   -2.8690658661882D-04,   -9.8343694071383D-05)
   (    1.4203271728602D-04,   -1.6831765608480D-04)
   (   -2.7772084056807D-05,   -7.2466352705743D-05)
   (    1.4296798226132D-04,    8.3364663890408D-05)
   (   -3.6026040251254D-04,    2.1111888663860D-04)
   (   -5.5003641052162D-05,    3.2832177057111D-04)
   (   -9.8665514563676D-05,   -3.8424090838287D-05)
   (   -1.1886537823246D-04,    2.4437941476109D-04)
   (    2.1897161601271D-04,    2.9195769007692D-05)
   (   -2.6897703192758D-04,   -1.7949281282506D-04)
   (    1.6889149088610D-04,    1.3367746108388D-04)
   (   -1.2950527476871D-04,    2.9661745889244D-04)
   (   -9.6056794393699D-05,    1.4752223099470D-04)
   (    2.2269173266859D-04,    1.1090495635708D-04)
   (   -2.1655491504675D-04,   -5.8184506891025D-05)
   (   -5.7357990072676D-05,   -1.3489108872894D-05)
   (    8.6570780126729D-04,    7.4663795208897D-04)
   (    5.2566235212884D-04,    3.1165664456208D-04)
   (   -5.7285941293952D-04,    1.1537345856664D-04)
   (   -1.7626328693496D-04,   -8.5694005329343D-05)
   (   -8.7038219353790D-05,   -8.0416765065654D-07)
   (   -1.2828845718298D-05,    4.6593361058721D-04)
   (    1.8644037233208D-04,   -7.7246563204297D-05)
   (   -6.1807542959449D-05,   -1.0798901346811D-04)
   (    1.4691676487916D-05,   -1.8498373729953D-05)
   (    2.0158590270725D-05,    2.6562182234285D-05)
   (    1.3798318793438D-04,    1.6481246962469D-04)
   (    2.0471947540935D-04,    2.5502806663794D-04)
   (   -1.4850614238305D-04,   -9.2514997551609D-04)
   (   -2.0517736722340D-04,   -3.2026626530131D-04)
   (    4.9181184973396D-04,    1.6226408505396D-04)
   (    1.8522901657973D-05,   -2.3519766505458D-04)
   (   -8.3728625397102D-05,   -3.4637149126803D-04)
   (    8.6110238977119D-05,    1.4691280085067D-04)
   (   -2.6072424437324D-04,    1.6167653496220D-04)
   (    6.8325253743987D-05,   -1.7658818613422D-04)
   (    2.7331734673727D-04,   -2.0378787122543D-05)
   (   -2.4839235377335D-04,   -5.8929250355958D-05)
   (   -1.0723796492487D-04,   -8.0821602438652D-05)
   (   -6.3802852489998D-04,   -1.0624963797504D-04)
   (   -6.1582825127437D-04,   -1.9219665724301D-04)
   (    1.4118974110645D-04,   -3.1900877571953D-04)
   (    8.9735477731964D-05,   -7.3742573451707D-06)
   (    1.5131668349506D-04,    2.7585487373105D-04)
   (   -1.4001284805249D-04,   -4.6541271056411D-04)
   (   -1.3100756783485D-04,   -3.5075618749430D-05)
   (   -1.1165621640401D-06,    1.1255359257912D-04)
   (    3.4352409264839D-05,   -1.2429975814787D-05)
   (    8.1042462907048D-05,   -2.3596251879864D-05)
   (   -2.7792643849421D-05,   -9.4010167039741D-05)
   (    2.0007210108517D-04,    5.5821566151264D-04)
   (    3.7581051820248D-04,    1.5340447543843D-04)
   (   -4.0052806766281D-04,   -1.1381417700569D-04)
   (    4.6221772243308D-05,    4.0449243189691D-04)
   (   -9.1051555052071D-05,    2.4871069196062D-04)
   (   -3.3287442794723D-04,   -5.0315764928017D-05)
   (    2.2663707498005D-04,   -1.0832031580195D-04)
   (   -1.2583243700874D-05,   -4.1685062720624D-05)
   (   -2.5224947592309D-04,    2.0004360340854D-04)
   (   -4.6231931436954D-05,    2.4217806376127D-04)
   (    6.1276995063902D-04,   -1.8340904477558D-04)
   (    4.9240540606353D-04,   -2.6861121118718D-04)
   (    2.5706189485103D-04,    4.3348227961603D-04)
   (   -1.5214217507882D-04,   -2.8558899206813D-05)
   (   -7.5032607000521D-05,   -2.1276779169868D-04)
   (    3.4843285700691D-04,    1.1096373901827D-04)
   (    4.0931224381899D-05,    4.4902498535065D-05)
   (    3.0698078634801D-05,    4.4444006521208D-05)
   (    4.0824587522187D-05,   -1.4234981505385D-04)
   (    3.1726173916465D-05,   -7.2449028132910D-05)
   (   -2.3072376728602D-04,   -3.1288150561312D-04)
   (   -4.1314068087062D-04,    3.6917676738574D-04)
   (   -1.6738373595677D-04,    5.2612602810229D-05)
   (    8.0576497411462D-05,   -2.1838939205132D-04)
   (    1.5018699185196D-04,    1.6333848347290D-04)
   (    1.3898104718804D-04,    1.0217658273367D-04)
   (   -3.5188488622884D-04,   -4.7656315811044D-06)
   (    5.2109879514627D-05,   -1.7183014756542D-04)
   (    3.8852863694900D-05,   -4.3249219913720D-05)
   (   -2.5049064960361D-04,    4.6783817772784D-04)
   (    3.4727417170686D-05,    2.0916192762894D-04)
   (    1.2645281588054D-04,   -4.1649375955390D-04)
   (   -1.8450298855251D-04,    5.3191254896879D-06)
   (   -1.6918416846444D-04,    1.4542884889740D-04)
   (   -2.7231581250596D-04,   -5.0969222989100D-05)
   (    4.1191368797730D-05,   -1.9565167359637D-04)
   (    1.1311885456481D-04,   -2.4180838621192D-05)
   (   -2.2207623911166D-04,   -3.1232497037979D-05)
   (    1.8292564604767D-04,   -5.8325771188960D-05)
   (    2.2070992016448D-04,   -5.1252191156080D-04)
   (    1.1047071148510D-04,    1.8156018160219D-04)
   (    2.0525166251390D-04,    1.4882727805584D-04)
   (   -2.2967399428446D-04,   -4.7895473302166D-04)
   (   -9.7479668370093D-05,   -1.1191102896797D-04)
   (    3.3504759461937D-04,    1.7355877394141D-04)
   (   -1.2537468298728D-05,    5.2258551055360D-06)
   (   -4.0474027989616D-05,   -1.7934766879089D-04)
   (   -3.5276043409490D-04,    5.4005534210887D-05)
   (   -1.3988175571114D-04,   -8.0216773753631D-05)
   (    1.7010722608852D-04,   -2.5217571567786D-04)
   (    1.7110598799033D-04,    9.4958108202899D-05)
   (    1.5876232006873D-04,   -6.2807757423733D-05)
   (   -1.3079835390156D-04,   -1.3303768397518D-04)
   (    3.1580916025846D-04,   -4.5082543261655D-06)
   (   -1.6604027658537D-04,    8.2850941573513D-05)
   (    3.3424264817097D-05,    4.2697232066275D-04)
   (    2.5887347172361D-05,    1.4909032491438D-04)
   (   -2.8409117276549D-04,    1.9535178532171D-04)
   (   -3.8591660141074D-05,    2.6708833636175D-04)
   (   -1.1630895185205D-04,    5.7835995036029D-05)
   (   -1.5437756927605D-04,   -9.4186365084411D-05)
   (    2.2095484321725D-04,    1.2624738503515D-04)
   (    5.2474453936644D-04,   -7.9833220559450D-05)
   (   -1.1136591485609D-05,    2.3455104580919D-04)
   (   -9.2856158225586D-05,    3.1301679935896D-04)
   (    9.9100599715879D-05,   -2.2882562440126D-04)
   (    4.2695678713485D-05,   -6.6996646004572D-06)
   (   -4.3392740598565D-05,   -1.0141661278904D-05)
   (   -1.0659142356845D-04,   -3.4839992275224D-04)
   (   -5.2063939817627D-04,   -3.5714701412569D-04)
   (   -3.4419644910490D-05,   -2.2519963332946D-04)
   (    2.7649826814494D-04,   -1.5561285453759D-04)
   (   -1.9267475812745D-05,    5.1429584178479D-05)
   (    8.4735791638755D-05,    2.7740772124356D-04)
   (   -2.0209277006892D-05,    2.1267504953915D-04)
   (   -1.4915459556998D-04,    2.2023918967352D-04)
   (    4.5400848903200D-05,   -1.4603382821121D-04)
   (   -1.4974224298029D-04,   -2.9198724632568D-04)
   (   -1.4449439076801D-04,    2.5997838875772D-05)
   (    3.1724662656177D-05,   -2.9380546226530D-04)
   (    6.5333350576349D-05,    6.9784394827845D-05)
   (    3.7520680034046D-04,    2.1232679473087D-04)
   (   -6.2766740318481D-05,    1.3143272612221D-04)
   (   -1.6069664121852D-04,    1.6118854079411D-04)
   (   -6.8129065436983D-06,    1.2413934341561D-04)
   (    1.2666641343407D-04,   -8.2366959888676D-05)
   (   -1.1497464416606D-05,   -3.7008397311676D-04)
   (    1.3237821151787D-05,    9.1131428391506D-05)
   (    5.3908215595409D-05,    2.0005089883740D-04)
   (   -1.6652276235679D-04,    7.8282674064450D-05)
   (   -2.5575431242915D-04,    2.8463194233754D-05)
   (   -3.6065296174000D-04,    5.3694264657229D-05)
   (   -1.5314658799186D-04,   -5.9327330289580D-05)
   (    1.8273259596957D-04,   -8.9153316918716D-05)
   (    1.3474739168174D-04,   -5.4894383498625D-05)
   (    2.4715676762198D-04,    1.2102186032893D-04)
   (    1.6760051568908D-04,   -1.3779333592033D-04)
   (   -9.8400544657712D-05,    1.3874287144320D-05)
   (   -1.3947763938739D-05,    1.5452691589596D-04)
   (    1.5097891949324D-04,   -1.1112850328304D-04)
   (   -7.7577470873813D-05,   -7.8228831111426D-05)
   (   -8.3101739917917D-05,   -1.3271327546999D-04)
   (   -1.5002012935304D-04,   -6.6718271548697D-05)
   (    1.4496079366012D-04,    9.3908885326455D-05)
   (    1.1360709952725D-04,    2.2366184267014D-05)
   (   -1.9633692302124D-05,   -2.3083810157403D-05)
   (   -6.1768071090154D-05,   -7.8924471221959D-05)
   (   -3.4047311192868D-05,   -6.5135093555337D-05)
   (   -3.4282902321659D-05,    8.0374934884445D-05)
   (    2.1498373644169D-03,  0.)  (   -9.2810235616552D-03,  0.)
   (   -9.6650937496373D-03,  0.)  (   -2.4245702333977D-03,  0.)
   (   -3.8666615549926D-03,  0.)  (   -2.5196097726783D-03,  0.)
   (    2.2990919824752D-03,  0.)  (    1.1344954504977D-03,  0.)
   (    2.6451229992815D-04,  0.)  (    5.8253951567137D-04,  0.)
   (   -5.3331768764062D-04,  0.)  (   -1.7668597215144D-03,  0.)
   (   -6.1136678026118D-04,  0.)  (   -1.6767303697988D-04,  0.)
   (   -2.7759061428569D-04,  0.)  (    4.2440927190497D-04,  0.)
   (    2.3690166005839D-05,  0.)  (   -7.6223842451066D-05,  0.)
   (   -9.4780353287111D-05,  0.)  (   -1.1290369726298D-04,  0.)
   (   -2.1292404815569D-04,  0.)
   (    1.2343973983293D-05,    3.0012331011737D-03)
   (    8.0069325306774D-04,   -4.5311971982328D-03)
   (    6.3251908449325D-04,   -5.0346468404871D-03)
   (   -2.6469537797068D-04,   -1.8012677899425D-03)
   (    4.1074409721765D-05,   -2.8139565877681D-03)
   (    9.0276382791012D-04,   -2.6580215238368D-03)
   (    5.0397638282931D-04,    4.6893876306203D-04)
   (    8.9506544131066D-04,    6.6443430978419D-04)
   (    3.7085818772426D-04,   -5.1900894548971D-04)
   (    3.5668138917585D-04,    1.3532567303597D-03)
   (   -2.9538348926046D-04,    2.6686953735108D-04)
   (   -1.9447153300688D-04,   -8.9313869848316D-04)
   (   -2.4405543476009D-04,   -4.4492413095426D-04)
   (   -1.4339819831934D-04,   -1.2112944192191D-04)
   (    1.9797286960340D-04,   -3.6791955117784D-04)
   (    4.8123689596649D-05,    1.0486214808349D-04)
   (    9.0900137554256D-05,    4.0425476900399D-04)
   (   -6.6809591771134D-05,    3.2778924599139D-04)
   (   -1.6785314391651D-04,    7.9655726524633D-05)
   (   -3.4203206165519D-04,    1.5867725044545D-06)
   (   -3.0837766555389D-04,   -1.2481789719137D-04)
   (   -4.5369962354630D-03,   -2.3639712507442D-03)
   (   -7.1621786964809D-04,    1.1740396744946D-03)
   (    3.5081280278518D-03,    1.1572180510722D-03)
   (    6.4204399163617D-05,    4.3063893787726D-04)
   (    5.9644365478578D-05,    5.0339598921593D-04)
   (    1.8480166385871D-03,    1.1391221776102D-03)
   (   -3.6213172379354D-04,    1.1061204855250D-03)
   (   -6.0218579630049D-04,    2.8848882461773D-04)
   (    8.2350256341268D-04,    3.6005892292272D-04)
   (    8.3265355616187D-05,    5.8955075433513D-04)
   (   -5.3661553433405D-04,    1.3480282584451D-04)
   (    6.8571228156206D-04,   -2.1441670781672D-05)
   (    4.4117819238781D-04,   -2.6322821015401D-05)
   (    8.7561000796699D-05,   -2.6342860271794D-04)
   (    2.6002721855854D-04,   -2.6793714623835D-04)
   (   -4.5959642635734D-05,   -3.3056787003244D-04)
   (   -2.3497123296963D-04,    2.0655362873628D-05)
   (   -3.0491724585230D-04,   -3.7668692853091D-05)
   (   -2.5648743640901D-04,    1.2942704096993D-04)
   (    4.7223382141174D-06,   -1.1549026260255D-04)
   (   -1.9213538759219D-03,   -2.8440425474755D-03)
   (   -6.5259532771073D-04,   -4.6642254460005D-04)
   (   -2.8384855015083D-04,    1.2973232867919D-03)
   (    1.0338884591791D-03,   -1.5512476500202D-03)
   (    1.7298565659635D-03,   -1.5648454831218D-03)
   (    5.4390660531312D-04,    4.7446667571072D-05)
   (    1.4953973367370D-03,   -1.3633870785569D-03)
   (    1.5249348227473D-03,   -1.5550067919643D-03)
   (    8.4927746461042D-04,    3.7666570130363D-04)
   (    5.1718392263599D-04,   -2.5028481690728D-04)
   (    8.6174110745816D-04,   -6.7352431338641D-04)
   (    4.0311572561315D-04,    4.5040097789278D-04)
   (    1.5739364316849D-04,    3.4076225647622D-04)
   (    8.0046750491760D-05,   -6.7342570437981D-05)
   (   -1.0340076360676D-04,   -9.4795973919763D-05)
   (   -8.6172588121613D-05,    3.3409383287321D-05)
   (   -1.1646368335655D-04,   -3.4820887176873D-04)
   (   -5.7623886165724D-05,   -1.4176843692148D-04)
   (   -6.6032523104236D-06,   -1.5941684600674D-04)
   (    3.1100577629901D-05,   -9.9691052603564D-05)
   (    3.5355510837874D-03,    2.1969678330496D-03)
   (    6.9123152887172D-04,   -1.6035889926805D-04)
   (   -2.0648466189932D-03,   -7.6947925672611D-04)
   (   -5.5169059489229D-04,    4.1568654010117D-04)
   (   -9.2285995301609D-05,    6.2967506680931D-04)
   (   -9.1387381098237D-04,    5.6118039293291D-04)
   (   -1.6624544031677D-04,   -2.1585702788770D-04)
   (    2.4897529141856D-04,    8.3259077624839D-04)
   (   -6.5776052582282D-04,    1.0101289114536D-04)
   (   -9.5238982111778D-04,   -2.9699179115496D-06)
   (    2.4170849272407D-04,   -1.0635718880446D-04)
   (   -3.5914416105153D-04,   -2.5716834186581D-04)
   (   -5.8128265240083D-04,   -3.5582984202382D-04)
   (    1.5024245596931D-04,   -3.6696862606983D-04)
   (    1.5350289463647D-04,   -3.3075487589007D-04)
   (   -8.1393793275819D-06,   -3.6236113829814D-04)
   (    1.3592694262784D-04,   -9.3296237771049D-05)
   (   -3.8912980249809D-05,   -1.3029383994098D-05)
   (   -1.3495164393991D-04,   -1.2564196636133D-04)
   (    1.6208596783237D-03,    6.8734717216158D-04)
   (    8.0743810925340D-04,    2.0977247284370D-03)
   (    1.8859214911898D-04,   -5.0133542345899D-04)
   (    1.2595244463317D-04,   -1.4972932961343D-04)
   (   -4.6230525274455D-04,    9.7625013578019D-04)
   (    6.1815469486035D-04,   -1.5000289100547D-04)
   (    8.3176683081954D-04,    1.2482794528560D-04)
   (    5.3223111435774D-04,    3.7464580806981D-04)
   (    8.2133618565723D-04,   -9.0782727342478D-05)
   (    8.6679762454558D-04,   -6.6136624637420D-04)
   (    5.4833743837856D-05,    8.7747803694834D-05)
   (   -7.1946909309552D-06,    1.8041893236149D-04)
   (    3.7898724217044D-04,   -1.7921787911650D-05)
   (   -1.7412835448600D-05,    8.4137084987592D-05)
   (   -8.7286509527991D-05,    2.6675954499285D-04)
   (    2.0693926198315D-04,   -8.2586414226322D-06)
   (   -1.0206302724019D-04,    2.7160767955914D-04)
   (   -1.5287570406362D-04,    1.3143076571361D-04)
   (   -1.7643245544296D-04,    1.5288057630456D-04)
   (   -1.1769908372115D-03,    2.6193955334060D-05)
   (   -7.1670856678067D-04,   -9.4098077569433D-04)
   (    1.0273814607709D-03,    1.1470306375627D-04)
   (    7.8370047117446D-05,    2.5870010361769D-04)
   (   -2.5393562118242D-04,    2.1494460904548D-04)
   (   -6.4169764441175D-04,   -8.0249910346826D-04)
   (   -4.4034623225993D-06,   -3.3397837210431D-04)
   (   -6.8896547294086D-04,   -5.1202155253222D-04)
   (   -2.8479309629691D-04,   -5.7824766633818D-04)
   (    4.0991156770658D-04,   -2.2052444300413D-04)
   (    6.9754797449065D-05,   -2.2439121850417D-04)
   (   -1.5707962268274D-04,   -3.0396654641123D-04)
   (    6.6147861358562D-05,   -9.1336316139619D-05)
   (    1.1392540458069D-04,    1.9814045965568D-04)
   (    1.7674399598958D-04,   -2.6077501535113D-04)
   (    6.8675360679167D-05,    2.3380408993959D-05)
   (   -7.6859154482026D-05,    1.2834019901307D-04)
   (   -2.0344414279682D-05,    1.7967874152978D-05)
   (   -2.3421991320842D-03,   -8.5284035992792D-04)
   (   -5.5860104915320D-04,   -1.5671735817850D-03)
   (    5.8063426072585D-04,   -2.8974524647337D-04)
   (   -1.7089057424889D-04,    1.0815877987946D-03)
   (   -1.9100507363410D-04,   -2.7326883651103D-04)
   (    3.3823133091674D-04,    3.0876054594162D-04)
   (    5.6193160620419D-06,    1.0288345551261D-03)
   (   -3.4369187502604D-04,    3.9908215304950D-04)
   (    3.2270824530811D-04,    4.0132283840180D-04)
   (    3.3265780331836D-04,    5.1504156978374D-04)
   (    1.9283165029906D-04,    4.9759649165783D-04)
   (    2.4128246505358D-04,    2.8361916622950D-04)
   (   -7.1890455174520D-05,    5.6214284736116D-04)
   (   -1.5472095376238D-04,   -1.7281092022980D-05)
   (   -1.0953024198379D-04,    6.8221138672137D-05)
   (   -1.1176083462866D-04,    3.0151391217114D-04)
   (   -4.3416848178009D-05,   -1.6846540889887D-05)
   (    1.6875004452933D-04,    2.5223280256732D-04)
   (    2.1456620126196D-03,    1.1242406401508D-04)
   (    5.3331104934720D-04,   -1.5868228952854D-04)
   (   -8.7874209049640D-04,    3.7147602819879D-04)
   (   -3.4368435934189D-04,   -5.0416565961102D-04)
   (    5.3537483817190D-04,   -5.8730384723565D-04)
   (    6.2304416311006D-04,    3.5225627300884D-04)
   (   -5.1022832678106D-04,    1.1023772945382D-04)
   (    6.6884536893210D-04,   -3.3567715809185D-04)
   (    4.1097168670581D-04,   -1.8647973265572D-04)
   (   -3.5245453129661D-04,    5.9254377894660D-05)
   (   -9.5158918714366D-05,    3.8953899504771D-05)
   (    2.2791775364948D-04,   -1.9271779925127D-05)
   (   -1.4427847859837D-04,   -1.9833105122761D-04)
   (    1.4146342821219D-04,   -1.4026663046066D-04)
   (    1.2525651510028D-04,   -5.6594575478844D-06)
   (    8.1887566286884D-05,   -9.7326852524581D-05)
   (    3.2291097179126D-05,   -1.4612196346115D-04)
   (   -6.0708474883351D-04,    5.4280487861636D-04)
   (    1.3129351700774D-05,    1.1681394233076D-03)
   (   -5.7318578138423D-04,    3.7533207970841D-04)
   (    8.8432471454449D-06,   -8.7230960646620D-04)
   (    3.5679262542236D-04,    7.3329243122405D-04)
   (   -1.3286982895172D-04,   -1.5672849757404D-04)
   (   -3.2401324240549D-04,   -5.5883194445883D-04)
   (   -5.2661673967395D-06,   -2.1642506286481D-04)
   (    6.1402176855867D-05,    3.1377241943670D-04)
   (   -2.5931759258344D-04,   -2.8210107376338D-04)
   (   -4.6441645692075D-04,   -4.4381981968512D-04)
   (   -5.4410019322576D-04,    2.1073657913116D-04)
   (   -2.9634507882417D-05,   -2.7174735318868D-04)
   (   -5.0068282375790D-05,   -8.0321486024080D-05)
   (   -5.4514547975535D-05,   -6.8841795927187D-07)
   (   -4.2269692481716D-05,   -3.1599499875344D-05)
   (    2.4228046385508D-04,    2.7316427405185D-04)
   (    1.5192705807429D-04,   -5.8328740905073D-04)
   (    1.5701854739296D-04,    7.8570734901371D-04)
   (    2.8842477728836D-04,   -2.8800290298943D-05)
   (    2.9452992283110D-04,    2.3455635872526D-04)
   (   -4.3870960993983D-04,    3.9049098419489D-05)
   (   -5.1987507380060D-04,    1.8289315834234D-04)
   (    7.0991968462008D-04,   -4.2318541337399D-05)
   (    4.3220298061226D-04,    1.3132369863894D-04)
   (   -2.9913693866257D-04,    1.7376521418822D-04)
   (    5.3562408369698D-04,    4.9428934088159D-04)
   (    3.5005605570908D-04,    5.1321928147865D-04)
   (    1.7836195076661D-04,    1.2361190957228D-04)
   (    3.0618693817047D-04,    1.6234709341726D-04)
   (    3.0911792823085D-04,    2.7726246329642D-04)
   (    2.3981878368607D-04,    1.7699792394718D-04)
   (    1.8784030220557D-04,    1.2945892938854D-04)
   (   -8.6198439738610D-05,    1.0597520602723D-03)
   (    1.8097719314487D-04,   -5.9448757597208D-04)
   (    2.5959596830926D-04,    1.1658072559687D-05)
   (    2.3631580993696D-04,    6.7546799576238D-04)
   (   -2.3842110433680D-04,   -3.5519942402913D-04)
   (   -1.6274749314965D-04,   -1.9900609373221D-04)
   (   -6.0073763925273D-05,    4.2534887303335D-05)
   (    9.7151544619804D-05,    2.1677724402639D-04)
   (    2.8359507214561D-04,   -4.5531385721802D-04)
   (    2.7392249755984D-05,   -8.1818811788894D-05)
   (    1.0003178151020D-05,    1.9694042576038D-04)
   (   -6.0065859610261D-05,   -3.3752904129904D-04)
   (   -4.1316859852243D-05,   -5.3339735658995D-05)
   (   -1.8072113981918D-04,    1.0420712664848D-04)
   (   -1.5092386834602D-04,   -1.7163467260446D-04)
   (    7.8317643427755D-05,    1.8156276548283D-04)
   (   -1.9263458333620D-04,   -1.1946534346632D-03)
   (   -3.9435358923948D-04,   -8.3223470231569D-04)
   (   -1.1058350654909D-04,   -3.6448508470960D-04)
   (   -3.4963311202267D-05,   -2.1460507124520D-04)
   (   -7.3205320763137D-05,    3.3657715531327D-06)
   (    7.4062941907554D-04,    2.1025402306152D-04)
   (   -5.0391892319272D-04,    1.0469734664302D-04)
   (   -4.9263194039558D-04,   -1.1205120818279D-04)
   (    1.0531992091504D-04,    2.2673516141591D-04)
   (   -4.4294141940104D-04,   -3.1216127818595D-05)
   (   -1.9125331582065D-04,   -2.4178933125451D-04)
   (   -3.9674242290481D-05,    7.1887143516184D-05)
   (    2.8603814298442D-05,    2.2192574288710D-04)
   (   -1.4332577875146D-04,   -1.6045143275012D-04)
   (    1.4185592390596D-04,   -1.5368854783107D-05)
   (   -1.5942317207351D-04,    7.1375831230662D-05)
   (   -6.3890268011885D-04,    6.8723515472490D-04)
   (   -1.8380872390944D-05,   -5.9103289384711D-04)
   (   -2.2731833427674D-04,   -6.4605952112116D-04)
   (    4.6676854333989D-04,    3.1158050193649D-04)
   (   -2.5729941365008D-04,    1.9292890760584D-04)
   (    2.4175740527351D-04,   -5.1840838275011D-05)
   (    2.4191356511538D-04,    3.0082252733569D-05)
   (   -1.0631165737128D-04,    2.6113884662762D-04)
   (    8.4815892205589D-05,    3.7331194378082D-04)
   (    1.0229551861241D-04,   -5.5688249361116D-05)
   (    3.7188782656685D-04,    8.6789202944882D-05)
   (   -1.4289611432117D-05,   -8.2238625132909D-05)
   (    9.5838634991672D-05,   -1.8831418319381D-04)
   (    2.2036009424538D-04,    8.6361711235891D-05)
   (    1.3271704761869D-05,    7.0890169321896D-04)
   (    4.2665613529133D-04,    3.2515618799134D-04)
   (   -2.7987922735831D-04,    4.8195427636664D-04)
   (    2.1444931758000D-04,    4.2446606432165D-04)
   (   -1.1098815424830D-04,   -2.9925468139674D-04)
   (   -5.8651108109590D-04,   -2.8893710793651D-04)
   (    3.1088347511922D-04,   -1.4298240265025D-04)
   (    1.3398638534901D-04,    6.8795869380414D-05)
   (   -1.5701411407617D-04,    8.7140224645369D-07)
   (    1.2198633753003D-04,   -3.0290579956704D-04)
   (   -5.1796079785846D-05,    1.1443741007353D-04)
   (   -2.5332792052781D-04,    7.0150937352815D-05)
   (   -4.6167256022075D-06,   -1.1237690313464D-04)
   (    1.1513113498580D-04,    7.8999481164354D-05)
   (    9.3773495259761D-04,   -5.4608364247131D-04)
   (    6.2412121179228D-04,   -5.9626175731355D-04)
   (    9.1278541301723D-05,    5.5439239630911D-05)
   (   -4.0915608188439D-04,    2.4823985260198D-04)
   (   -2.0974242416539D-05,   -2.8231262043149D-04)
   (    4.2368740574039D-04,    6.6244878186468D-05)
   (   -2.4026043881377D-04,   -7.1323991657878D-05)
   (   -1.5746269862711D-04,   -3.1446924016794D-05)
   (    1.6820996900209D-04,   -1.2674450385349D-04)
   (    2.5742806718688D-05,    6.8472933686052D-06)
   (   -6.3259178534303D-05,    3.6971175729811D-04)
   (   -2.2727366490203D-04,   -1.3115062533199D-04)
   (   -9.2934844498359D-05,   -1.9575419493890D-05)
   (   -2.1796011129447D-05,    9.4440502043248D-05)
   (   -8.1611541562656D-04,   -1.1548223431364D-04)
   (   -1.0180548477579D-03,   -3.0873112086138D-04)
   (    5.5790516720408D-04,   -6.6673969398494D-05)
   (    2.0112313484069D-04,   -4.7819261587807D-04)
   (   -1.3050237868153D-04,    3.2065643388148D-04)
   (    1.5418829020686D-04,   -6.9788898119996D-05)
   (    6.0440474955090D-05,    3.9246480687779D-05)
   (   -4.8374806996667D-06,   -2.3028770297117D-04)
   (    1.1308421602817D-04,   -6.6168690808084D-05)
   (   -5.6028694240360D-05,    3.0721302609132D-04)
   (    2.8343443067650D-05,   -3.9335470933406D-04)
   (    1.4908896805261D-04,   -3.0230865666920D-05)
   (    2.8286949575419D-05,    1.6109782915748D-04)
   (   -2.3875249232098D-04,    3.1986557811422D-04)
   (    1.5926979289283D-04,    2.7027628654319D-04)
   (   -1.7610193043040D-04,   -4.3309781792001D-04)
   (    1.4252469885685D-04,    1.1646803755703D-04)
   (    3.4706039132890D-04,    1.9373499244606D-04)
   (   -2.4318359339562D-04,   -2.2512878392680D-04)
   (    1.6708493559404D-04,    1.5658356591271D-04)
   (    1.6988747083214D-04,    9.7940758268031D-05)
   (   -1.6757167768516D-04,    2.1040779952649D-05)
   (   -8.5828471929126D-05,   -3.3724229959774D-04)
   (   -6.5873458598841D-05,   -8.8209641021891D-05)
   (    9.4911428349962D-05,    3.4136590540833D-05)
   (   -1.7371101897763D-05,   -2.3437480587208D-04)
   (    7.3816914880408D-04,   -8.1865124229889D-05)
   (    7.9874641474856D-04,    4.3324233943126D-06)
   (   -1.3140503898189D-04,    5.8285848862082D-04)
   (    1.1427701941058D-04,    8.8856272240168D-05)
   (    2.1853397977954D-04,   -9.6414574832173D-05)
   (    8.6170448566501D-05,    2.3204160432116D-04)
   (    2.3343342575852D-05,   -8.0855251473198D-05)
   (   -1.2187786751530D-04,    1.7405781254408D-04)
   (   -6.8634979439023D-05,    2.9534947566946D-04)
   (    1.1700578000557D-04,    5.3351109600034D-05)
   (   -7.7747319801435D-05,    3.0520626196453D-05)
   (   -1.4781179069147D-04,   -5.7720334568987D-06)
   (   -7.0208749703867D-05,    1.6300912544714D-04)
   (   -2.3705482187797D-04,   -3.1987211431461D-04)
   (   -8.0490889859601D-06,   -9.5034619835548D-05)
   (   -8.1274415122847D-05,   -1.3645280140002D-04)
   (   -5.2805085234352D-04,    4.4037388233612D-05)
   (    3.4316904106900D-04,    3.8104222649279D-05)
   (   -5.8041199123947D-05,    6.3880669397980D-05)
   (    1.0489011855696D-04,    8.5921974476052D-05)
   (   -1.1772166872433D-07,   -2.2162833117820D-04)
   (   -1.4512288779798D-04,    3.6444497189776D-05)
   (    1.8885200879804D-04,    1.7800989621487D-04)
   (    1.0756916229322D-04,   -3.0675893230182D-05)
   (   -5.4118824091926D-04,   -1.9410716915136D-04)
   (   -8.4602623569243D-05,    7.5422119720740D-04)
   (    1.3494272319691D-04,    1.1803186466594D-04)
   (   -7.5173825226224D-05,   -1.6163450899832D-04)
   (   -2.2880848464571D-05,   -2.0754039250334D-04)
   (   -1.0890882493280D-04,   -1.3309841631362D-04)
   (   -1.9651806894582D-04,    3.0699684429538D-04)
   (   -5.8495736573013D-06,   -7.5687360026673D-05)
   (    1.0763836989243D-05,   -1.4599289735807D-04)
   (    1.2304053311720D-04,    4.2000695676787D-05)
   (   -9.2577230290890D-05,   -9.4762904591127D-05)
   (    4.4959814021092D-04,    2.2831209567138D-04)
   (    1.7526833662566D-04,   -2.4686715182410D-04)
   (   -1.4928127168997D-04,   -3.1292372758403D-04)
   (    8.4439581123360D-05,    3.1485453610245D-04)
   (    4.0835669478197D-04,   -7.2572865115611D-05)
   (   -4.4347141909991D-05,    1.7730751139779D-04)
   (    4.2811523395416D-05,   -2.2212442880566D-04)
   (   -2.5544774947113D-04,    2.2969446509705D-05)
   (    1.1618927176961D-04,    1.3878496107929D-04)
   (    6.3197483558727D-05,   -2.3992465059635D-05)
   (    2.8097146625659D-05,   -2.0382994687151D-04)
   (   -5.3672965360899D-04,   -1.9638203879372D-04)
   (   -3.6593779568333D-04,   -4.7092655683320D-04)
   (    5.3938584398834D-05,   -2.2913163203714D-04)
   (    3.3102173435765D-04,    8.8721041109905D-05)
   (   -3.3324503347807D-04,    2.3017677712261D-04)
   (   -1.9105787401867D-04,    8.6146844197087D-05)
   (    2.7122300394329D-04,   -3.0381545926921D-04)
   (    5.8036019548844D-05,    6.3579551367063D-05)
   (   -1.6288355403533D-04,    1.1347096662640D-04)
   (   -1.4390300322241D-04,   -1.1654131107638D-04)
   (    4.5288306794796D-04,   -1.2061831592725D-04)
   (   -1.9267644680708D-05,    6.8811604121580D-04)
   (   -1.0085352142471D-05,    5.9667561384484D-04)
   (   -4.4004073990781D-04,   -2.1173243199192D-04)
   (    1.9534534283621D-05,   -6.0210333473887D-05)
   (    1.5985005836000D-04,   -1.9387839156427D-04)
   (   -6.7067179518572D-05,    1.8369962447368D-04)
   (    1.7478718188844D-04,    8.6086095902327D-05)
   (   -9.6063844798391D-05,   -1.8547115616813D-04)
   (    1.6845768064554D-07,   -9.1154685412271D-05)
   (   -1.6457791354951D-04,    3.1660252748911D-04)
   (    3.2279920201161D-04,    7.2070504184589D-05)
   (    5.7900949487654D-05,    1.7293722359754D-04)
   (   -3.3554604966178D-04,    2.1152913322299D-04)
   (    3.4896879859640D-04,    1.9136534858954D-05)
   (    1.5826828035944D-04,    8.2568976308431D-05)
   (   -5.1323927140172D-05,    4.5112120368956D-04)
   (   -3.0860642455662D-04,   -2.3256265747607D-04)
   (    1.5613764497666D-04,   -1.0184963881472D-05)
   (    1.6701448957260D-04,   -5.2987165864059D-04)
   (   -1.6499470774270D-04,   -6.4589654165440D-04)
   (   -1.7654634541955D-04,   -6.4458783023139D-04)
   (    4.9270241794363D-04,   -6.1624873106723D-06)
   (   -2.4975457846119D-04,   -1.4006368405373D-04)
   (   -1.5568160549304D-04,    5.9976987151217D-05)
   (    1.3529941804460D-04,   -1.4649444480041D-04)
   (    5.3791165739631D-05,   -8.3378159810168D-05)
   (   -2.5575303288986D-05,    1.0434908208673D-04)
   (   -1.2216303957676D-04,    4.4997874971490D-04)
   (   -4.4762147199229D-04,    8.5556541936250D-05)
   (   -1.4294441034174D-04,    7.5061879787187D-05)
   (    1.1195832469934D-05,   -4.6116350782405D-04)
   (   -1.0111960153436D-04,   -1.4641099796286D-04)
   (   -1.1848533252624D-05,   -1.9774984006533D-04)
   (   -1.2695208897787D-04,   -2.0861201550310D-04)
   (    2.6445567333899D-04,    3.7362894711090D-04)
   (    7.4506177005827D-07,   -8.1091013625162D-05)
   (    3.9305227563727D-04,    2.9087909422102D-04)
   (    3.0379778710324D-04,    9.4931429509258D-05)
   (   -2.7320804654353D-04,   -1.4536376754235D-05)
   (    2.3919762205199D-04,    1.8124480588869D-04)
   (    2.2777224378128D-04,   -1.0816642486103D-04)
   (   -6.0793173268262D-05,    1.4879787079640D-04)
   (   -1.5946206821260D-04,    3.0277407603126D-06)
   (    2.8340201045127D-04,   -2.4223143828031D-05)
   (    2.6293006905085D-04,   -2.0591374719447D-04)
   (    1.1871599051102D-04,   -1.1787789149890D-04)
   (    9.3430647458145D-05,    3.9442509581659D-04)
   (    6.0683422752651D-05,   -1.3456117266155D-06)
   (   -5.6247866000119D-05,    2.9972904230231D-04)
   (    1.8725370887981D-05,    1.2478216142224D-04)
   (   -3.9674210116742D-04,    8.8502345385116D-05)
   (   -2.4570518060789D-04,   -7.1308446155191D-05)
   (   -2.9084271279420D-04,    2.6262001771402D-04)
   (    1.9539730042060D-04,   -9.8810359786648D-05)
   (   -6.6364555516545D-05,   -1.2779536182661D-04)
   (    3.0711186539305D-05,    1.0971124246411D-04)
   (    6.8846475578628D-05,   -2.1599674403923D-04)
   (    1.2080775773488D-04,   -4.9793895365351D-06)
   (   -8.3144742475470D-05,    2.4740487412260D-04)
   (    7.7162623114127D-05,    4.2341960276430D-05)
   (   -7.7280834874271D-05,   -1.8472720788071D-04)
   (   -7.2050338109571D-05,    2.6158739836355D-04)
   (    1.3260080846145D-04,   -4.8622609491705D-05)
   (   -1.4226619718104D-05,   -9.6095638796839D-05)
   (    1.5170042252686D-04,   -2.2122636675705D-04)
   (    1.5717985026803D-04,   -3.5723504913967D-04)
   (    2.4031708506107D-05,    5.8484905310153D-05)
   (    2.4000473662670D-04,   -8.4511294233282D-05)
   (   -2.0671953625380D-04,   -3.8863787604471D-05)
   (   -4.1722060000738D-05,   -3.7216806260867D-05)
   (    3.7723790820687D-05,    1.4627113968852D-04)
   (   -1.8940492087494D-04,   -6.6671809455409D-05)
   (    1.5254096748514D-04,    2.9250621000334D-06)
   (   -5.2487573666861D-05,   -8.9174433296230D-05)
   (    2.9655928095262D-05,    1.0236892900490D-04)
   (   -1.2252566567668D-04,    9.7341212980590D-05)
   (    2.1973966077297D-05,    5.1057113095945D-04)
   (   -1.8273152247080D-04,    2.1621669772793D-04)
   (   -3.4289218621414D-04,    7.5831013625274D-05)
   (    1.5171564164004D-04,   -9.9675697522079D-05)
   (    7.0398445398113D-05,   -2.1449515033122D-04)
   (    2.6502887296356D-04,   -2.1106153583702D-04)
   (   -1.8792842571984D-04,   -2.0137539238744D-05)
   (   -1.7399034622631D-04,   -4.7045888093118D-05)
   (   -1.4534908735928D-04,    1.0260534497832D-04)
   (   -1.9867103589075D-04,   -1.9291074145660D-04)
   (    2.9270877500480D-04,   -2.1373980613884D-04)
   (    6.3424395330025D-05,    1.7647433823912D-04)
   (    6.8873884253333D-05,   -1.7513721574207D-05)
   (   -2.2206971296085D-04,    1.7455571083524D-04)
   (    1.1078517431909D-05,   -4.7760690680881D-07)
   (    1.9420446482111D-04,   -2.7752947331381D-05)
   (    3.7693890617765D-04,    1.5858242577727D-04)
   (    5.6604013365710D-05,   -2.3536476932569D-04)
   (   -1.7584471825348D-04,    4.1827092225712D-05)
   (   -1.2578148475283D-04,    1.7938091563578D-04)
   (   -6.7843071229430D-05,    3.8583172403387D-05)
   (    1.0108096875231D-04,    3.7574560695456D-05)
   (    5.8494121404780D-05,    3.6858432622496D-06)
