   0.  0.  0.  0.  0.  0.  0.  0.  0.  0.  0.  0.  0.  0.  0.  0.  0.  0.  0.
   0.  0.  0.  0.  0.  0.  0.  0.  0.  0.  0.  0.  0.  0.  0.  0.  0.  0.  0.
   0.  0.  0.  0.  0.  0.  0.  0.  0.  0.  0.  0.  0.  0.  0.  0.  0.  0.  0.
   0.  0.  0.  0.  0.  0.  0.  0.  0.  0.  0.  0.  0.  0.  0.  0.  0.  0.  0.
   0.  0.  0.  0.  0.  0.  0.  0.  0.  0.  0.  0.  0.  0.  0.  0.  0.  0.  0.
   0.  0.  0.  0.  0.  0.  0.  0.  0.  0.  0.  0.  0.  0.  0.  0.  0.  0.  0.
   0.  0.  0.  0.  0.  0.  0.  0.  0.  0.  0.  0.  0.  0.  0.  0.  0.  0.  0.
   0.  0.  0.  0.  0.  0.  0.  0.  0.  0.  0.  0.  0.  0.  0.  0.  0.  0.  0.
   0.  0.  0.  0.  0.  0.  0.  0.  0.  0.  0.  0.  0.  0.  0.  0.  0.  0.  0.
   0.  0.  0.  0.  0.  0.  0.  0.  0.  0.  0.  0.  0.  0.  0.  0.  0.  0.  0.
   0.  0.  0.  0.  0.  0.  0.  0.  0.  0.  0.  0.  0.  0.  0.  0.  0.  0.  0.
   0.  0.  0.  0.  0.  0.  0.  0.  0.  0.  0.  0.  0.  0.  0.  0.  0.  0.  0.
   0.  0.  0.  0.  0.  0.  0.  0.  0.  0.  0.  0.  0.  0.  0.  0.  0.  0.  0.
   0.  0.  0.  0.  0.  0.  0.  0.  0.  0.  0.  0.  0.  0.  0.  0.  0.  0.  0.
   0.  0.  0.  0.  0.  0.  0.  0.  0.  0.  0.  0.  0.  0.  0.  0.  0.  0.  0.
   0.  0.  0.  0.  0.  0.  0.  0.  0.  0.  0.  0.  0.  0.  0.  0.  0.  0.  0.
   0.  0.  0.  0.  0.  0.  0.  0.  0.  0.  0.  0.  0.  0.  0.  0.  0.  0.  0.
   0.  0.  0.  0.  0.  0.  0.  0.  0.  0.  0.  0.  0.  0.  0.  0.  0.  0.  0.
   0.  0.  0.  0.  0.  0.  0.  0.  0.  0.  0.    461.43659495170    891.76486532499
     1077.5539884818    1099.3968718464    1112.4237287095    943.91307649254
     709.47649310397    612.02441688693    474.02984865715  0.  0.
     586.87579311904    500.37275760339    430.31462293540    457.73985919489
     540.80002543406    882.08204666046    1009.0318285465    857.30736510303
     679.55765551581    532.42342120972    426.28468665213    322.18774392710
   0.  0.  0.  0.  0.  0.  0.  0.  0.  0.  0.  0.  0.    621.39004162054
     472.45726342219    312.57219120469  0.  0.  0.  0.  0.  0.  0.  0.  0.  0.
   0.  0.  0.  0.  0.  0.  0.  0.  0.  0.  0.  0.  0.  0.  0.  0.    280.21271978555
   0.  0.  0.  0.  0.  0.  0.  0.  0.  0.  0.  0.  0.  0.  0.  0.  0.  0.  0.
   0.  0.  0.  0.  0.  0.  0.  0.  0.  0.  0.  0.  0.  0.  0.  0.  0.  0.  0.
   0.  0.  0.  0.  0.  0.  0.  0.  0.  0.  0.  0.  0.  0.  0.  0.  0.  0.  0.
   0.  0.  0.    800.53170416723    762.69776117595    333.20827388581
     397.19191949485    719.63302907409    1100.9034784772    887.54410635728
     880.25525886509    642.63602807798    482.99922273681    651.59460787976
     971.18199127002    1241.3428166900    1601.5525067943    1801.2021400208
     1932.6983073654    2064.0149021469    2135.2314711966    2179.3964329570
     2155.8739411800    2019.7370407121    1845.5698872356    1561.8693811036
     1104.3176597081    821.33727347305    533.46733325535    394.52367683502
   0.  0.  0.  0.  0.  0.  0.  0.  0.  0.  0.  0.  0.  0.  0.  0.  0.  0.  0.
   0.  0.  0.  0.  0.  0.  0.  0.  0.  0.  0.  0.  0.  0.  0.  0.  0.  0.  0.
   0.  0.  0.  0.    65.840305026892    160.85869477300    310.07757898654  0.
   0.  0.  0.  0.  0.  0.  0.  0.  0.  0.  0.  0.  0.  0.  0.  0.  0.  0.  0.
   0.  0.  0.  0.  0.  0.  0.  0.  0.  0.  0.  0.  0.  0.  0.  0.  0.  0.  0.
   0.  0.  0.  0.  0.  0.  0.  0.  0.  0.  0.  0.  0.  0.  0.  0.    182.45149858857
   0.    222.02761714726    226.97930474627    391.77177473935    595.84138806278
     484.94223173022  0.  0.    398.67249390945    634.93380040795
     988.38361149906    1455.7045867167    1572.9680239639    1909.7753481875
     2129.3498118321    2334.5511137993    2506.4849644220    2630.5685235915
     2673.8070193670    2578.9669646224    2450.1592726427    2297.5473856426
     2164.4029009960    1964.6007052139    1421.2868813886    503.10935251242
     241.86248122455  0.  0.  0.  0.  0.  0.  0.  0.  0.  0.  0.  0.  0.  0.  0.
   0.  0.  0.  0.  0.  0.  0.  0.  0.  0.  0.    337.32655124245  0.  0.  0.  0.
   0.  0.  0.  0.  0.  0.    65.557235747270    114.84657314211    169.37175141339
     170.90209317027    133.73082144325    98.594900624126    107.87776349800
     118.21839983989    139.67658595841    63.453066314702  0.  0.  0.  0.  0.
   0.  0.  0.  0.  0.  0.  0.  0.  0.  0.  0.  0.  0.  0.  0.  0.  0.  0.  0.
   0.  0.  0.  0.  0.  0.  0.  0.  0.  0.  0.  0.  0.  0.  0.  0.  0.  0.  0.
     124.21292742548    238.44312043612    89.825609271323  0.  0.  0.  0.  0.
   0.    136.57270490242    142.31642279836    188.57301366537    229.79819878189
     329.69933749118    445.22455510151    534.19252691351  0.  0.  0.  0.  0.
   0.  0.  0.    565.26645313172    1512.3093887817    2229.6312122158
     2591.7843194028    2818.2575101506    2926.7493515760    2993.3577529978
     2954.6048621902    2834.5384731932    2536.5261211042    1788.3183757810
     1248.1696642424    689.22855522160  0.  0.  0.  0.  0.  0.  0.  0.  0.  0.
   0.  0.  0.  0.  0.  0.  0.  0.  0.  0.  0.  0.  0.  0.  0.  0.    202.88234498031
   0.  0.  0.  0.    48.478779052906    60.289556030645    48.131952768681
     50.375388879550    52.740824655790    46.225743488070    59.210644994914
     72.132867541424    137.16995196341    225.83844856744    178.68034284413
     147.36590390312    181.31672243421    201.80374537021    299.90697105301
     294.53937882738    122.57203222807    91.978830197451    92.692146570867
     131.08016887735    175.06248377582    180.82269940307    379.26874786808
   0.    152.13461100242  0.   100.043249023229    65.688910316724
     54.825228221612    92.476405984000  0.  0.    57.732527817039  0.  0.  0.
   0.  0.  0.  0.  0.  0.  0.  0.  0.  0.  0.  0.  0.  0.  0.  0.  0.  0.  0.
   0.  0.  0.  0.  0.  0.  0.    119.91737602291    178.11430740340
     203.85532129246    207.25795149307    107.21410870128  0.  0.  0.
     232.73623917284  0.  0.    127.88211258263    137.24822139657
     231.05716367515    263.69879161557    579.17909530743    688.65642133061
   0.  0.  0.  0.  0.  0.    749.60573467009    1271.4406534894    2176.3265017130
     2577.6498805100    2843.6626710997    3052.6412421211    3146.2663060127
     2982.3287686764    2248.7078097389    1157.7918658963    936.75265109453
   0.  0.  0.  0.  0.  0.  0.  0.  0.  0.  0.  0.  0.  0.    617.58078042574
     623.53070896056    436.46600173070    249.04530516722    166.39815394726
     247.93340164164    197.36429983625    186.08035528852  0.  0.  0.  0.  0.
     55.848932053567    84.463987916698    97.130614204951    130.09401743380
     238.49166299672    194.62233766782    51.078926041882  0.    41.063553668470
     49.626970795319    67.794747881448    71.411993718439    151.57229445016
     400.20756059426    767.58040957214    877.86663955050    773.65891896940
     406.08605351258    330.08350737322    376.08995146401    338.83286844808
     311.02810746648    235.27226581443    222.99961204262    214.04362916872
     115.59296246188    580.99588620493    997.71529669074    377.22612701080
     340.78511667223    689.63275603044    539.25744753186    228.47939064207
     113.62123886079    176.11645114390    99.471133316029   100.783896928803
     132.11834467378    152.47615120349    267.63159776377    455.34371110546
     444.72949689965    325.93500390857    455.19740406224    665.16599692758
     445.89193669893  0.  0.  0.  0.  0.    279.14079912443    470.48573566889
     469.88697378520    651.42931159699    659.59933668323    790.94698430963
     890.45002260751    771.53124929986    602.38192290854    503.59417653891
     222.41864799704    166.93068360404    315.89854637261    317.40505333994
     257.76067594985    334.46792050141    286.91316081480    132.70658689236
     151.38475501996    166.60288028490    125.09588840840    169.60325165039
   0.    54.084252417539  0.    166.70716594476    217.27715031558  0.
     284.54753779766  0.  0.    63.559399457476    225.98171814383
     372.72442247722    545.01809411416  0.  0.  0.  0.    315.13106782237
     481.72771076894    1706.8981024473    2294.6593046997    2680.3887761875
     2854.3198809800    2855.7296301157    1745.5222833307    1791.1992671846
     1702.2834590826  0.  0.  0.  0.  0.  0.  0.  0.  0.  0.  0.  0.  0.  0.
     608.50083548925    603.07578989261    331.99484925282    120.97084444579
     39.271251028467    158.69251953559    162.03311294526    93.448123528208
   0.    107.37591919570    93.536706748012    70.982129095596    112.56727171039
     136.91565323848    83.542954829601    85.096842377311    250.37837721948
     246.36682791749    180.84433882358    82.250478462871    74.117272643255
     63.334859356039    68.565530986400    66.276232910117    41.761345223835
     80.765660695019    83.052237634958    315.53532795757    458.56276017373
     574.64636296378    601.87708014401    490.58500647942    533.48265517172
     527.88452662319    521.95301012123    488.43867894839    361.56357013077
     231.14069512722    201.71590013230    121.66829309953    573.91036651749
     1107.6266454937    799.64897021012    873.48400856774    1052.6168212826
     1242.2958701273    982.33125469974    985.88376408058    510.39112621687
     210.58166040802    369.08158076563    473.44155360150    494.89521904917
     639.18585977801    726.00814247964    503.48810096380    305.94986913043
     212.58461522563    229.58216592082    252.03011697415    265.43078697067
     213.14822991773    212.24044261027  0.    159.32929400773    173.77033598786
     206.46876603453    187.14850754609    299.69125043124    366.39181861512
     350.96185387694    465.41525402015    576.49366492385    858.29227585640
     887.56870781368    850.58134509896    805.97767027003    642.65846308508
     366.89745057580    254.06997692571    241.67734728555    301.61022775350
     387.15076240864    410.62126951170    384.11704389499    342.74677481983
     343.10039021833    286.75629518608    148.93974493010    171.04527494022
     254.90096165312    288.91604607324    158.55559380204    173.18114511111
   0.  0.  0.   102.621162165065    171.11081015874    310.62424525257
     599.19855015847  0.  0.  0.  0.    628.07513496600    1836.8692302165
     2510.0593496343    1929.8441581195    1234.4142579580  0.  0.  0.  0.  0.
     274.11517568604    479.90635970667    655.99470196388  0.  0.  0.  0.  0.
   0.  0.  0.    789.14245190855    623.28658629198    527.09734117969
     302.58407141211  0.    40.683153908868    47.484183749448    53.063319484409
     110.40354303231   101.169476516321    82.562448475964    93.606883561170
     91.072831070582    137.70799714863    146.29537074718    122.24840487695
     123.42180065957    125.35834953883    332.50675500918    122.81702065330
     111.50726856190    98.762354160103    86.145307647357    91.546495673970
     91.440000000000    94.244855097313    114.98851339782    114.55605436030
     106.47588783821    231.15721768856    415.42126677884    466.20198268027
     436.08978563802    462.14731664747    459.00945377661    377.83622954456
     401.87413281362    417.91372329168    293.43238342690    204.68318200288
     240.15482964854    240.55924860734    195.32365163874    221.85645658080
     363.60498271091    438.66648243433   1006.93743513248    1440.7921104364
     1284.4730025112    1151.6976868654    937.85475076979    595.59681495594
     634.01903741823    837.98478605338    609.37251584962    466.82260222925
     337.36664483519    395.79474739040    572.04157068029    326.27509687198
     245.60177689709  0.  0.  0.  0.  0.  0.    109.56549060237    178.05746806315
     223.71458662301    483.04473180006    777.71296024983    955.18526518524
     1019.9938023068    1234.6662213993   1002.60544732031    984.20424257718
     1036.2573421570    1256.1465803644    1464.3538752665    1311.5741711781
     529.64204322557    319.88079062738    291.28254333790    229.61989761629
     303.67458056844    362.04848499814    408.82442445713    368.52214235077
     290.71773451468    210.71723100204    111.03919936655    69.205691438140
   0.  0.  0.  0.  0.  0.  0.    275.69120620396    391.62654536913  0.  0.  0.
   0.  0.    567.34435873739    1738.3200217479    2409.7895660926
     1053.8850744613  0.  0.  0.  0.  0.  0.  0.  0.  0.  0.  0.  0.  0.  0.  0.
   0.    418.37884846513    716.48948152206    315.49551006913    231.78859284774
     94.308041456828  0.  0.    54.991884220696    49.382078996493
     47.746014359641    85.008193230037    112.91723833963    126.73059375836
     149.92264806955    152.08567771833    147.28741543069    139.29055914663
     141.42113889201    156.39725482247    364.92975855973   102.982094502527
     82.232345079581    76.324339275128    85.361737547895    88.638022489400
     90.320063511794    85.260932710727    89.079550355198    105.72896248450
     125.68966321610    176.87163350697    390.54714666314    402.90566787566
     364.89882033314    378.22814358036    467.46224355496    457.55043742528
     451.34809577633    474.80151970095    616.81934670434    401.41195267553
     351.29372258029    468.99936379367    450.30873531047    365.33784713113
     312.00675086649    347.96587429865    842.76876445495    796.26708957460
     680.49684600184    633.36591205004    673.30642770133    692.57220508157
     598.11531928302  0.  0.    272.87969804293    300.33717892543  0.  0.  0.
   0.  0.  0.  0.  0.  0.  0.  0.    281.46041400097    183.15400243332
     461.93825417787    509.13997463446    657.16884033794  0.    1069.6779106763
     1803.6762863780    1187.5112438830    1087.2576006835    1167.7245597936
     1155.6101869732    1067.8466643037    635.86331128027    476.95386252258
     377.10353290070    398.37584372930    239.43255248938    333.67140789914
     441.22025301530    417.30221062506    375.68120219931    270.51500012940
     116.99830143881  0.  0.  0.  0.  0.  0.    179.30753794772    282.98876743928
     189.44288787447  0.  0.  0.  0.  0.  0.  0.  0.    794.94523981280  0.  0.
   0.  0.  0.  0.  0.  0.  0.  0.  0.  0.  0.  0.  0.  0.  0.  0.  0.  0.
     149.17790810095  0.  0.    63.695050080130    82.614216975594
    103.141017687636    106.64119379078    184.43989766557    152.06044400517
     131.32159491066    116.77643748036    98.286715461924   104.100387104837
     127.53892319670    157.07460507782    181.62321625716    293.21998064551
     158.48747365572    91.813975016436    64.153022875720    75.371075601977
     77.107304307960    77.451050581685    92.729572902234   103.661499078349
     105.94547589746    141.78890598577    196.99753694798    246.45554442655
     280.71930911690    302.00199293150    396.55374036347    471.77217198427
     524.64823063434    803.42236739360    961.33127344014    998.59408717462
     1178.5766062953    864.12866894038    837.68732157221    963.16510935965
     969.99639332394    834.49944398649    665.73655235973    743.19710193939
   0.  0.  0.  0.  0.  0.    334.38873934636    524.98532988843  0.  0.  0.  0.
   0.  0.  0.  0.  0.  0.  0.  0.  0.  0.    160.18056009148  0.  0.  0.  0.  0.
   0.  0.    371.48796947587    971.75106796377    1247.6869160001
     1436.7793607401    1213.2081197368    686.44176342921    587.76821372476
     524.26002596877    484.84125738658    461.97387771590    499.99810783492
     458.19821831798    367.24586411585    278.46435963104    198.45492286143
     72.891896829391  0.  0.  0.  0.  0.    211.83430543991    298.33737095635
     298.20585188052    248.57018546024    504.44654675209    291.76775829960
   0.  0.  0.  0.  0.  0.  0.  0.  0.  0.  0.  0.  0.  0.  0.  0.  0.  0.  0.
     298.88193019721  0.  0.  0.  0.  0.  0.  0.    107.88579017868
     99.301943177993   101.895811905321    139.39796402896    157.89177460316
     156.03421673095    190.55262981814    180.34617514372    154.60660056034
     140.35126105262    165.37835726826    148.75169141932    115.44953558333
     186.62392608205    261.26661318912    476.36287968888    201.05685956131
     154.88163767871    154.93725677104    139.21304765047    119.13114964033
    103.400041638392   102.711266507440    156.74480868845    213.19433938138
     385.08439560255    602.91053261121    568.04756344756    1027.0172922395
    1006.45476521493    562.29634100235    643.80814378881    795.30109018689
     1028.8673946848    1346.1015064025    1054.0985839030    1019.6551079088
     768.13452219947    662.65680114058    561.33011162743    605.70222564014
     794.95515023798    676.30946386198  0.  0.  0.  0.  0.  0.  0.
     589.49841471154    500.71138673019  0.  0.  0.  0.  0.  0.  0.  0.  0.  0.
   0.  0.  0.  0.  0.  0.  0.  0.  0.  0.  0.  0.  0.    205.66279391872
     613.30758202419    989.25837271648    946.32572895780    1215.0147625401
     1036.7826488406    795.46899219020    652.67660760259    601.23314127206
     519.09546580410    454.43202368960    312.55499705077    232.20918372688
     217.93855301409    185.68178859752    154.73478611470    142.42271951580
    100.451484612944  0.  0.    242.85939698778    409.26259752919
     538.23549054181    578.69249916073    516.60024336758    367.68380992644
     217.92892521630  0.  0.  0.  0.  0.  0.  0.  0.  0.  0.  0.  0.  0.  0.  0.
   0.  0.    113.31873762706    116.50563971633    188.37959825962
     88.606668366885  0.    99.584874547221    202.92223630683    211.71165782000
     180.85192561385    168.01270557389    170.40471142322    155.27801933263
     162.26509213785    153.16279994783    131.36967735492    143.17779608035
     187.24777989799    151.63854684619    143.67089458826    168.98298010500
     81.356057274926    80.281035480604    130.09523250978    261.26980045643
     330.24909567543    235.13359314247    192.16116415639    268.82550060036
     304.51015475984    307.58265318399    242.12655384349    162.56891845298
     286.52741313108    823.54022578879    1164.7847169630    1574.2244131916
     1268.2709776914    1380.8263224613    1931.2724383899    1644.0124505031
     977.13976862854    764.92964276126    1047.0252823335    1037.5123223401
     830.29490994627    842.51695715564    789.35095025291    711.12150482479
     325.16579773729    254.83869458960    674.16439446557    810.36557365676
     332.62018943907    232.76532453802  0.  0.  0.  0.  0.  0.  0.  0.  0.  0.
   0.  0.  0.  0.  0.  0.  0.  0.  0.  0.  0.  0.  0.  0.  0.  0.  0.  0.  0.
   0.  0.  0.    879.58328368934    1312.5084518102    1238.3973881970
     1721.9054813983    1545.8728885962    825.24915305316    683.75055126133
     589.28315375713    548.73451099814    479.63299973633    243.56526952483
     252.52071420890    317.55992068967    291.95426206022    241.66683302930
     141.34521520361    74.865243568444   100.625600336037    289.76952684215
     506.15303819834    602.42701709643    565.67958594168    524.18315104611
     373.48771896001    279.78026211593    217.48090889114  0.  0.  0.  0.  0.
   0.  0.  0.  0.  0.  0.  0.  0.  0.  0.  0.  0.  0.    161.90287117044
     131.49563065287    129.44777753326    299.44334495236    381.68943917556
     517.45600589305    598.77963021525    389.75709039456    509.01816287237
     373.82941008522    423.74294228005    242.21363936801    159.00359951825
     114.16341520863    146.78375031441    148.25610684624    119.37210669319
     78.512115896979    30.365133494292  0.    63.208960287280    208.53960831436
     277.18842217219    150.94253761555    187.42335403534    439.91166817333
     434.64090778964    668.48019605308    688.71854247565    606.24982252061
     633.30588096329    961.57565840724    1973.4092470342    2354.5029760923
     1290.5908114153    1834.2503252545    2222.8200028900    1742.1833258152
     1332.7286719676    1318.9406691056    1464.6942083652    1144.7996497316
     768.86209927024    652.70124326279    844.61652473552    423.68659722824
     304.33802943166    367.65991512289    304.45094783612    234.48117510017
     527.43113176859  0.  0.  0.  0.  0.  0.  0.  0.  0.  0.  0.  0.  0.  0.  0.
   0.  0.  0.  0.  0.  0.  0.  0.  0.  0.  0.  0.  0.  0.  0.  0.  0.  0.  0.
     443.79787696122    1093.7534949291    1141.1030938649    1479.4709085864
     1191.2143881879    928.07616209672    799.44875725715    646.57214299441
     534.49627332832    352.16051720820    324.98628203345    409.30229914585
     368.03887895731    244.97551901812    305.33773586168    273.61841065092
     254.72948772362    349.51881340888    364.95120747904    423.77886763615
     327.98792244512  0.  0.  0.    225.31926654528  0.  0.  0.  0.  0.  0.  0.
   0.  0.  0.  0.  0.  0.  0.  0.  0.  0.  0.  0.    124.33510288151
     490.05914283999    756.91287643721    1049.4740892089    1276.4541932297
     880.18188499695    246.76567427799    111.29978007169    496.41341165659
     675.11405913035    154.84164747159  0.    78.573250778734  0.
     71.215463280280    158.75557577765    94.847457331483   -30.372839538058
    -30.193963924854   -19.833972294943    109.30509650221    139.64692405391
     97.575815930830    138.88121549229    222.66164199777    349.29288938887
     470.65970544342    396.12116860310    755.39406258210    1090.2310625323
     1035.1436579741    584.73743141360    1413.9279669700    1910.0950367452
     2054.2132271527    2408.6067214780    1959.5902789934    1441.0319452768
     1396.9126007955    1154.9051384474    1008.4488240815   1000.58548238023
     956.44778844538    713.43922200346    190.31534142026    222.19975130143
     492.58797486519    163.13066159200    390.92965026147    637.49004523794
   0.  0.  0.  0.  0.  0.  0.  0.  0.  0.  0.  0.  0.  0.  0.  0.  0.  0.  0.
   0.  0.  0.  0.  0.  0.  0.  0.  0.  0.  0.  0.  0.  0.  0.    224.37821481635
     700.38536446806    792.19177676920    1496.6442999201    1706.8801314127
     1541.9390689021    1043.3011714059    911.26607886394    656.37663955965
     469.24319271825    376.76690819315    361.82258407172    350.11111659217
     219.95593817800    217.56956937440    218.85805115753    273.60654586853
     233.30208853346    296.10863532156    388.75969831222    222.73856308598
     108.81295650771  0.  0.  0.  0.  0.  0.  0.  0.  0.  0.  0.  0.  0.  0.  0.
   0.  0.  0.  0.  0.  0.  0.    565.51964936117    563.62501985696
     714.93042144419  0.    450.95530907585  0.    823.41195683619
     899.02073243772    595.53079696786    304.67873992610    157.00355738248
   0.  0.  0.  0.    1242.1163763537    945.14496905985    270.06278016020
   -10.0962240257571    112.74346496032    155.43055157737    97.053137310191
     112.63244956840    207.66752372504    270.91909516915    803.45062892903
     1273.4175920976    1412.5178423842    1993.3909648068    2249.9972098689
     2224.4678200107    1649.7496793935    1065.6024082229    1241.5219410724
     1382.4646378602    1397.5177076818    1456.8664890337    1419.2276088243
     1258.5206540014    1132.8378066145    1149.5436580899    1186.5558694364
     1068.3912135599    394.81789025259    210.82755521192    435.76639399557
     694.25063356940    335.56889986474  0.  0.  0.    381.03525700625  0.  0.
   0.  0.  0.  0.  0.  0.  0.  0.  0.  0.  0.  0.  0.  0.  0.  0.  0.  0.  0.
   0.  0.  0.  0.  0.  0.  0.  0.  0.  0.  0.    563.61098581750    1444.4387808138
     1408.1732221981    1651.0223848523    1835.3753273713    2310.1466555101
     1812.0460795284    1292.3632459084    829.76534265335    518.57348211759
     400.32918076735    327.35453669398    284.71746080342    187.47167943613
     258.42150835561    220.68590680671    260.03275604782    305.37104874266
     398.62707034521    235.15811601734  0.  0.  0.  0.  0.  0.  0.  0.  0.  0.
   0.  0.  0.  0.  0.  0.  0.  0.  0.  0.  0.  0.    922.99933743080
     730.08611967784    589.64494890959  0.  0.  0.  0.  0.  0.    708.75026064219
     619.64613960723    391.11754333197    361.58668917111    866.30011954326
     1090.9175010566    1163.0308433546    1692.7154432620    1937.0853724360
     1519.8981832970    749.42660735195   -23.334928394237    45.003567762425
     126.05888350552    106.09885908196    157.23947170156    290.40433516116
     747.77490355122    1874.4938376086    2637.4500952741    2843.9831493465
     2235.1012082266    1150.1794590105    839.40233810092    965.78475883433
     998.61004493831    1314.3580183745    2061.2366856826    1755.5655910055
     1326.5767094797    1289.0690222557    1318.7465657846    1309.5941384926
     1408.9226858539    1078.0409520517    699.78432930697    296.57363301264
     254.22748912808    785.78861644711  0.  0.  0.  0.    333.16776718705  0.
   0.  0.  0.  0.  0.  0.  0.  0.  0.  0.  0.  0.  0.  0.  0.  0.  0.  0.  0.
   0.  0.  0.  0.  0.  0.  0.  0.  0.  0.  0.  0.  0.    766.24359515179
     1364.0031356730    1565.1734445449    1919.0946924109    1703.4457243572
     2116.3880294394    2534.0083985680    1571.2317652765    968.19983434613
     557.54192161184    346.72082825141    241.23432593042    193.37335609677
     207.66338392065    258.26525654965    290.38628866570    422.24185656554
     253.13986709209  0.  0.  0.  0.  0.  0.  0.  0.  0.  0.  0.  0.  0.  0.  0.
   0.  0.  0.  0.  0.  0.  0.  0.    422.07161835072    710.78497542609
     939.64381987996  0.  0.  0.  0.  0.  0.  0.  0.    428.17629049831  0.
     557.54571450902    1113.6179533374    1136.3150583495    1085.5458004230
     865.89426689027    1198.8682682219    1655.2859739038    1573.4745933939
     302.08535477435    165.95625382319    906.82370652302    710.88670410579
     270.10688836933    336.28789033136   1004.16331602619    2520.0330713076
     4373.1293426226    3502.5569704947    1967.8037047442    1425.9737805804
     2080.8645982070    3561.1250650389    3991.9168690358    3124.1047028641
     3438.9579137600    4077.3915294020    3018.5409949967    1866.5643344199
     1582.2319090389    1232.7776506104    1276.6769753352    141.23453604347
   0.  0.  0.    298.81898564370  0.  0.  0.  0.    469.27546230867  0.  0.  0.
   0.  0.  0.  0.  0.  0.  0.  0.  0.  0.  0.  0.  0.  0.  0.  0.  0.  0.  0.
   0.  0.  0.  0.  0.  0.  0.  0.  0.  0.  0.  0.    584.72691989874
     1895.3156670938    1720.9359778725    1938.2449897121    1781.8864423959
     2605.5047350026    1779.3371460211    945.68257438956    463.36334733304
     284.48868461422    274.51014065941    142.90512149137    141.20660067347
     281.34033556395    505.77627046530    262.10755112913  0.  0.  0.  0.  0.
   0.  0.  0.  0.  0.  0.  0.  0.  0.  0.  0.  0.  0.  0.  0.  0.  0.  0.  0.
     182.60239773312    379.73926964329    808.51420621674    823.23084233174
     897.33285624904    629.23044612817    610.10199948129  0.  0.  0.  0.  0.
   0.  0.  0.  0.    631.60335804825    437.96159081750    239.51791219234
     730.09337450261    1913.1027117144    1705.3055613072    1217.6232234974
     923.04226551267    1263.6228169303    986.42322677059    2119.4742389427
     2700.3997378446    2576.3261339319    2532.2823351399    4319.4767945305
     5186.4411663339    5210.2104667588    5160.8370651474    5296.9528217192
     5329.0153946719    4877.2783961349    4685.0055068254    4338.7484417750
     3480.5048003021    2350.2758549290    1525.8772702317    964.51704524888
     656.22490637634    71.992426972501    128.09994133967  0.  0.
     308.28794716076  0.    318.71003650177    335.32640612457    726.54610887463
   0.  0.  0.  0.  0.  0.  0.  0.  0.  0.  0.  0.  0.  0.  0.  0.  0.  0.  0.
   0.  0.  0.  0.  0.  0.  0.  0.  0.  0.  0.  0.  0.  0.  0.  0.  0.
     980.44761094167    794.44547185143    1324.4863112918    1857.9595856084
     2064.7175539209    1471.7576431888    885.35063997927    368.81291100684
     198.21353557285    157.68278487797    68.349083606240    196.94000914041
     375.85981011459    309.93649886482    74.530390196676  0.  0.  0.  0.  0.
   0.  0.  0.  0.  0.  0.  0.  0.  0.  0.  0.  0.  0.  0.  0.  0.  0.  0.  0.
   0.    440.98195390785    756.95232039511    866.77850142588    633.19944807432
     225.09866656547    183.19039614420    355.09869975569    275.42740111336
   0.  0.    181.62322006086  0.  0.  0.  0.    674.04365586725    752.57241953041
     350.60968072185    80.118467374465    497.10540570673    2053.6986448977
     1675.0275513560    1226.2358043997    1238.8070694438    827.90762099751
     1405.0741592658    2091.6356020718    967.40172573076    300.59762120852
     1725.7587550223    4374.4118216523    5145.5386106389    5091.5467108718
     5105.1857530207    5045.0833414576    5033.9545903542    4949.5025541738
     4661.7783301639    3887.6656436779    1913.6334848214    971.17178396716
     1020.0768572268    256.33931401346    149.24215068537    80.966770471129
   0.  0.  0.  0.  0.  0.  0.  0.  0.  0.  0.  0.  0.  0.  0.  0.  0.  0.  0.
   0.  0.  0.  0.  0.  0.  0.  0.  0.  0.  0.  0.  0.  0.  0.  0.  0.  0.  0.
   0.  0.  0.  0.  0.  0.    437.90133155772    539.98888302425    1425.8354881456
     1448.2144482975    1136.3778230742    742.95840787349    331.64850257718
     95.926585088655    45.245649529587    69.160331826528    79.258036907092
     115.31062348761    59.913596742027  0.  0.  0.  0.  0.  0.  0.  0.  0.  0.
   0.  0.  0.  0.  0.  0.  0.  0.  0.  0.  0.  0.  0.  0.  0.    676.33829053344
     1412.7822824259    1078.8689050577    434.82174964002    506.31148003984
     347.93195252134    404.79110733690    548.91092275869    539.75256786122
     303.42534549472    144.67407808210    122.17540966605    125.41104854688
     121.22530624778    204.46438092630    508.27007514711    934.89000522999
     765.39656403791    600.87793714179    335.42316082220    130.54778873981
     805.69804854519    1789.2488708752    1911.5813885987    1025.3531757703
     959.91420107733    1056.3848870746    1206.5987733443    437.59118961501
     165.54594088641    244.17960833627    968.03909415474    3102.8311930827
     5025.5060205650    5312.2440992853    4898.0614392326    4539.7965820828
     3709.1593379134    4095.6113948094    3531.3790562499    864.58226434605
     619.18108729760    823.11916718261    157.40338282119    202.38216974806
     384.16739856488    258.75613766190  0.  0.  0.  0.  0.  0.  0.  0.  0.  0.
   0.  0.  0.  0.  0.  0.  0.  0.  0.  0.  0.  0.  0.  0.  0.  0.  0.  0.  0.
   0.  0.  0.  0.  0.  0.  0.  0.  0.  0.  0.  0.  0.  0.  0.    396.55797750337
     1036.3158424969    1633.7995758623    1210.2675117728    634.21125120300
     219.98009488188  0.  0.  0.  0.  0.  0.  0.  0.  0.  0.  0.  0.  0.  0.  0.
   0.  0.  0.  0.  0.  0.  0.  0.  0.  0.  0.  0.  0.  0.  0.  0.    741.20746387895
     637.32699496349    546.79161951314    257.01282402076    398.80534136400
     729.33848983224    761.92252551526    604.30058858006    520.62236774910
     513.59387347934    221.30555065340    209.65625955157    291.22958692317
     274.00573301470    282.00083067477    401.26284435660    716.68939772610
     922.51908722614    811.88468775485    593.81377551843    317.46127895228
   0.  0.    518.67778817362    641.16902097417    809.41823410607
     825.23880665841    418.06947909012    149.51693570635    295.07759989754
     362.44702501877    208.45137317253    117.69967300756    253.76459561954
     1198.3215514694    1284.2294813412    997.16454896851    886.96420409800
     2243.7759210951    2434.5385370696    1955.9145238372    1083.8507523912
     618.33031917128    356.94971014143    342.70717075241    586.08216822825
   0.  0.  0.  0.  0.  0.  0.  0.  0.  0.  0.  0.  0.  0.  0.  0.  0.  0.  0.
   0.  0.  0.  0.  0.  0.  0.  0.  0.  0.  0.  0.  0.  0.  0.  0.  0.  0.  0.
   0.  0.  0.  0.  0.  0.  0.    343.14657724337    363.11863339094
     1825.5858455726    1415.3532974084    891.34503969568    138.52732356087
   0.  0.  0.  0.  0.  0.  0.  0.  0.  0.  0.  0.  0.  0.  0.  0.  0.  0.  0.
   0.  0.  0.  0.  0.  0.  0.  0.  0.  0.  0.    327.75969395845    455.90198896635
     354.63006101533    333.38888316399    270.98441084016    526.58582732939
     1200.0566916930    1131.2283500604    910.82719923983    741.24402828214
     540.98837989196    580.87075353240    467.70558396157    687.46533316788
     403.17866763899    264.86445334907    398.29010190203  0.    709.84768669213
     943.80556234808    806.55553659747    477.81260853241    132.30683643162
     80.248705949668    373.62266195529  0.  0.  0.  0.    71.453104501008
     282.56045961418    448.24192927842    453.73246891460    463.75203681123
     429.04969308519    147.87714845631    56.653253578376    686.49583427860
     414.78482312970    1373.2911880375    1610.6000252375    1469.4613590704
     587.75497826635    286.34227461995    327.46961533802    294.34348513798
   0.  0.  0.  0.  0.  0.  0.  0.  0.  0.  0.  0.  0.  0.  0.  0.  0.  0.  0.
   0.  0.  0.  0.  0.  0.  0.  0.  0.  0.  0.  0.  0.  0.  0.  0.  0.  0.  0.
   0.  0.  0.  0.  0.  0.  0.  0.  0.  0.    913.39214617419    1914.1991455951
     1875.4166250401    449.65560945479  0.  0.  0.  0.  0.  0.  0.  0.  0.  0.
   0.  0.  0.  0.  0.  0.  0.  0.  0.  0.  0.  0.  0.  0.  0.  0.  0.  0.  0.
     207.31708381513    278.91777283342    289.82044124870    308.69433859978
     258.50427107332    380.42961212937    573.94718154975    608.25924435032
     762.88911958708    557.92295672567    578.95575019854    1112.5941932889
     856.78024098313    551.00172494095    687.71204534253    422.06214431809
     315.79415762843    427.97976695019    585.89867727347  0.    1145.7178288490
     763.23354194143    413.88356852991    201.13816207255    135.53492332030
     177.00723759329  0.  0.  0.  0.  0.    288.02788897212    396.64262254691
     391.07832332049    396.10913128084    325.13394483841  0.  0.
     590.04897993195    423.48237334828    1099.7682850374    969.55236293015
     769.58817613585    219.59732436105   104.993233095448  0.  0.  0.  0.  0.
   0.  0.  0.  0.  0.  0.  0.  0.  0.  0.  0.  0.  0.  0.  0.  0.  0.  0.  0.
   0.  0.  0.  0.  0.  0.  0.  0.  0.  0.  0.  0.  0.  0.  0.  0.  0.  0.  0.
   0.  0.  0.  0.  0.  0.  0.  0.    1382.1391991720    1967.0306724755
     1036.5687731706  0.  0.  0.  0.  0.  0.  0.  0.  0.  0.  0.  0.  0.  0.  0.
   0.  0.  0.  0.  0.  0.  0.  0.  0.  0.  0.  0.  0.  0.    179.03487152962
     349.07702810010    371.89386004677    367.04787988611    300.37904486893
     401.53295083043    489.73226278145    435.03703629828    761.05448984643
     482.42607197401    424.53861721886    396.31646759559    393.61282348240
     696.28305301999    587.11704681610    450.50879816637    346.46303673232
     409.33124063108    615.72960506571  0.    1360.1225313293    1113.0466488203
     606.50966693159    459.59633509408    387.64888285135  0.  0.  0.  0.  0.
   0.    451.24900064771    517.78208488172    357.72867565629    376.49825000628
   0.  0.  0.  0.    228.18637096538    547.19416108362    531.24796481883
     493.18876327126  0.  0.  0.  0.  0.  0.  0.  0.  0.  0.  0.  0.  0.  0.  0.
   0.  0.  0.  0.  0.  0.  0.  0.  0.  0.  0.  0.  0.  0.  0.  0.  0.  0.  0.
   0.  0.  0.  0.  0.  0.  0.  0.  0.  0.  0.  0.  0.  0.  0.  0.  0.  0.  0.
   0.    1118.6764039292    1791.1645546028    560.84115405173  0.
     131.91630176746  0.  0.  0.  0.  0.  0.  0.  0.  0.  0.  0.  0.  0.  0.  0.
   0.  0.  0.  0.  0.  0.  0.  0.  0.  0.  0.    95.868884936992    285.81109068614
     310.67339239561    359.99488727122    323.38232499877    314.14272784572
     355.03637239858    391.30014695467    462.39062109850    420.06605270308
     331.49787363189    266.63963097107    394.69922677533    902.46613397468
     873.62268822288    664.69881301940    516.33800384816    453.44793997842
     698.21701538782    1150.9443274346  0.    1680.6070017254    925.99590911485
     714.11991613716  0.  0.  0.  0.  0.  0.  0.  0.    550.44032994327
     290.81916583479  0.  0.  0.  0.  0.  0.    298.57828540005    226.98649253270
     151.80214692565    540.84963118381  0.  0.  0.  0.    396.73517668833  0.
   0.  0.  0.  0.  0.  0.  0.  0.  0.  0.  0.  0.  0.  0.  0.  0.  0.  0.  0.
   0.  0.  0.  0.  0.  0.  0.  0.  0.  0.  0.  0.  0.  0.  0.  0.  0.  0.  0.
   0.  0.  0.  0.  0.  0.  0.  0.  0.  0.  0.  0.    1054.5566720300
     770.09922131428    780.95839540617  0.  0.  0.  0.  0.  0.  0.  0.  0.  0.
   0.  0.  0.  0.  0.  0.  0.  0.  0.  0.  0.  0.  0.  0.  0.    58.030021342850
     179.31044265825    268.00396524967    285.05025015676    300.85258132385
     279.06630143874    242.87888422601    372.65888212869    489.71102868489
     381.75741385569    276.97726300553    329.78828772306    512.34439456989
     836.16156521942    879.89199300197    698.94778001685    566.06877662208
     459.89029211896    1350.4885078084    1530.8949882993    442.91310915394
   0.  0.  0.  0.  0.  0.  0.  0.  0.  0.  0.    626.83372507588    427.55525983473
   0.  0.  0.  0.  0.  0.    265.84412122590  0.    140.21904560353
     267.38830721879  0.  0.  0.  0.  0.    161.53869639576  0.  0.  0.  0.  0.
   0.  0.  0.  0.  0.  0.  0.  0.  0.  0.  0.  0.  0.  0.  0.  0.  0.  0.  0.
   0.  0.  0.  0.  0.  0.  0.  0.  0.  0.  0.  0.  0.  0.  0.  0.  0.  0.  0.
   0.  0.  0.  0.  0.  0.  0.  0.  0.    485.21466974500    335.08582222733  0.
   0.  0.  0.  0.  0.  0.  0.  0.  0.  0.  0.  0.  0.  0.  0.  0.  0.  0.  0.
   0.  0.  0.  0.   100.741343034545    346.80330767431    397.93876778196
     323.84444983006    309.45728022928    227.81624899200    341.81775733665
     296.15757614907    644.23628834255    409.77057190508    432.53202829629
     398.38291695796    431.62158375667    624.87635271788    611.96028389271
     486.31904023811    440.44231887910    750.67752557886    1841.4255696329
     1894.5721849668    1132.7986043670    899.84567614583    841.67520815812
     458.39154197752  0.  0.  0.  0.  0.  0.  0.  0.  0.    168.57922230654  0.
   0.  0.  0.  0.  0.  0.  0.  0.  0.  0.  0.  0.  0.  0.    214.78856789062  0.
   0.  0.  0.  0.  0.  0.  0.  0.  0.  0.  0.  0.  0.  0.  0.  0.  0.  0.  0.
   0.  0.  0.  0.  0.  0.  0.  0.  0.  0.  0.  0.  0.  0.  0.  0.  0.  0.  0.
   0.  0.  0.  0.  0.  0.  0.  0.  0.  0.  0.  0.  0.  0.    491.20127860916  0.
   0.  0.    483.30144134484    640.31265595673    325.97231081547
     249.29580480530   103.034262538500  0.  0.  0.  0.  0.  0.  0.  0.  0.  0.
   0.  0.  0.  0.  0.  0.  0.    469.91374166375    491.29753946872
     361.31916610249    282.12926837877    185.19965556625    149.58966984642
     236.24677225505    249.09565359800    820.63063313796    870.10810765874
     574.20977776398    520.91956476050    714.42777223876    760.29568031409
     512.52285692242    378.84624384412    619.89030760474    1787.1012446313
     2033.8680976642    857.24149063821    698.76009907111    405.10113662559
   0.  0.  0.  0.  0.  0.  0.  0.  0.  0.  0.  0.  0.  0.  0.  0.  0.  0.  0.
   0.  0.  0.  0.  0.  0.  0.    464.05349833056  0.  0.  0.  0.  0.  0.  0.  0.
   0.  0.  0.  0.  0.  0.  0.  0.  0.  0.  0.  0.  0.  0.  0.  0.  0.  0.  0.
   0.  0.  0.  0.  0.  0.  0.  0.  0.  0.  0.  0.  0.  0.  0.  0.  0.  0.  0.
   0.  0.  0.  0.  0.  0.  0.  0.  0.  0.    771.64381243159    1265.3895130749
     215.96728487311    222.23494236361    497.92793706156    414.93028837420
     135.80538086061  0.  0.  0.  0.  0.  0.  0.  0.  0.  0.  0.  0.  0.  0.  0.
   0.    209.65924513179    340.24756007951    218.34205610776    215.22920891051
   0.  0.  0.    271.72313996139    623.70776174110    680.99481424461
     579.62607737534    500.03792828935    566.23123661397    701.50606367626
     761.19700506759    824.27608639252    922.01885475929    842.35927743296
     1094.1388269097    423.84324842206    300.70647762517  0.  0.  0.  0.  0.
   0.  0.  0.  0.  0.  0.  0.  0.  0.  0.  0.  0.  0.  0.    353.74624208532  0.
   0.  0.  0.    560.04407353381    247.17749864473  0.  0.  0.  0.  0.  0.  0.
   0.  0.  0.  0.  0.  0.  0.  0.  0.  0.  0.  0.  0.  0.  0.  0.  0.  0.  0.
   0.  0.  0.  0.  0.  0.  0.  0.  0.  0.  0.  0.  0.  0.  0.  0.  0.  0.  0.
   0.  0.  0.  0.  0.  0.  0.  0.  0.  0.  0.  0.  0.    1262.0705873890
     990.39788266310    197.96441434258    298.56926448465    719.57466559294
     641.41481127258    272.31147672127    228.98661501232    174.85631104140
   0.  0.  0.  0.  0.  0.  0.  0.  0.  0.  0.  0.  0.  0.  0.  0.  0.  0.  0.
   0.  0.  0.    535.55745784479    535.64505932496    414.37054150233
     373.55166124372    398.48713194343    507.59057413543    845.30651254230
     1165.0108186335    1283.5053942504    1160.1853674545    343.22436414232
     155.09651673456  0.  0.  0.  0.  0.  0.  0.  0.  0.  0.  0.  0.  0.  0.  0.
   0.  0.  0.  0.    464.21199779089    131.00244635097  0.  0.    159.20918141070
     335.03485908641    701.31948455956  0.  0.  0.  0.  0.  0.  0.  0.  0.  0.
   0.  0.  0.  0.  0.  0.  0.  0.  0.  0.  0.  0.  0.  0.  0.  0.  0.  0.  0.
   0.  0.  0.  0.  0.  0.  0.  0.  0.  0.  0.  0.  0.  0.  0.  0.  0.  0.  0.
   0.  0.  0.  0.  0.  0.  0.  0.  0.  0.    996.27153186711    1072.3256051435
     329.02273043450    200.75145807255    133.45448039546    481.77282311163
     185.48938076135    211.36313711570    267.16991506053    221.19649519098
   0.  0.  0.  0.  0.  0.  0.  0.  0.  0.  0.  0.  0.  0.  0.  0.  0.  0.  0.
   0.  0.  0.    405.56442687257    521.90463483396    376.97552501517
     362.68144744210    409.59833412221    525.81160551959    1062.5519203979
     1258.0478815474    1286.3070340671    1397.5979467207    315.97641957232
     77.548258367279  0.  0.  0.  0.  0.  0.  0.  0.  0.  0.  0.  0.  0.  0.  0.
   0.  0.  0.  0.    232.10599889545    253.52036491515  0.  0.    79.604590705348
     274.87188824478    426.41239452710  0.    387.10948805264  0.  0.  0.  0.
   0.  0.  0.  0.  0.  0.  0.  0.  0.  0.  0.  0.  0.  0.  0.  0.  0.  0.  0.
   0.  0.  0.  0.  0.  0.  0.  0.  0.  0.  0.  0.  0.  0.  0.  0.  0.  0.  0.
   0.  0.  0.  0.  0.  0.  0.  0.  0.  0.  0.  0.  0.  0.    1248.6581739713
     628.42785975083    224.16878834985    156.13517301437    105.92318542618
     258.19931899877    119.92630072094    153.73735398659    180.76681541588
     171.82452627172  0.    20.287979198986  0.  0.  0.  0.  0.  0.  0.  0.  0.
   0.  0.  0.  0.  0.  0.  0.  0.  0.  0.  0.    275.57139590035    508.16421034295
     339.58050852800    351.81123364047    420.70953630100    544.03263690375
     1279.7973282536    1351.0849444613    1289.1086738838    1635.0105259869
     288.72847500232  0.  0.  0.  0.  0.  0.  0.  0.  0.  0.  0.  0.  0.  0.  0.
   0.  0.  0.  0.  0.  0.    376.03828347932  0.  0.  0.    214.70891740314
     151.50530449464  0.    774.21897610529  0.  0.  0.  0.  0.  0.  0.  0.  0.
   0.  0.  0.  0.  0.  0.  0.  0.  0.  0.  0.  0.  0.  0.  0.  0.  0.  0.  0.
   0.  0.  0.  0.  0.  0.  0.  0.  0.  0.  0.  0.  0.  0.  0.  0.  0.  0.  0.
   0.  0.  0.  0.  0.  0.  0.  0.  0.    1501.0448160755    184.53011435817
     119.31484626521    111.51888795620    78.391890456903    34.625814885923
     54.363220680534    96.111570857479    94.363715771227    122.45255735245
   0.    40.575958397973  0.  0.  0.  0.  0.  0.  0.  0.  0.  0.  0.  0.  0.  0.
   0.  0.  0.  0.  0.  0.    167.40734501847    449.79655811304    475.05609239768
     438.59873910482    520.31540512041    619.99622092422    1136.5611340831
     1270.3782106595    1277.9078388900    1276.7031505197    398.63358417276
   0.  0.  0.  0.  0.  0.  0.  0.  0.  0.  0.  0.  0.  0.  0.  0.  0.  0.  0.
   0.  0.  0.    264.15218210734  0.  0.  0.  0.  0.    477.96769460435  0.  0.
   0.  0.  0.    1232.9470534640    712.40123206509    740.17702596529  0.  0.
   0.  0.  0.  0.  0.  0.  0.  0.  0.  0.  0.  0.  0.  0.  0.  0.  0.  0.  0.
   0.  0.  0.  0.  0.  0.  0.  0.  0.  0.  0.  0.  0.  0.  0.  0.  0.  0.  0.
   0.  0.  0.  0.  0.  0.  0.  0.    1313.4481980430    144.73232516635
     91.949755989076    80.527770622762    64.322834721738    30.532327744825
     31.006821494675    44.842365193027    85.875039137745    124.31073106159
     138.81429128138    153.14130995998   104.910311563527    187.05835246643
     186.07170179525  0.  0.  0.  0.  0.  0.  0.  0.  0.  0.  0.  0.  0.  0.  0.
   0.  0.  0.    540.83043412859    771.45040122410    781.65199247827
     784.86202449056    797.59081163700    932.09265709062    1184.9923481528
     1260.2744452576    935.12796600157  0.  0.  0.  0.  0.  0.  0.  0.  0.  0.
   0.  0.  0.  0.  0.  0.  0.  0.  0.  0.  0.  0.  0.  0.  0.  0.  0.  0.  0.
   0.  0.  0.  0.  0.  0.  0.  0.    1014.4596058618    1096.0676620315  0.  0.
   0.  0.  0.  0.  0.  0.  0.  0.  0.  0.  0.  0.  0.  0.  0.  0.  0.  0.  0.
   0.  0.  0.  0.  0.  0.  0.  0.  0.  0.  0.  0.  0.  0.  0.  0.  0.  0.  0.
   0.  0.  0.  0.  0.  0.  0.    2025.6141070931    548.93474485212
     200.03837356767    141.95700404334    90.427527512309    57.630552276736
     60.729953551223   101.526911208923    239.03024512525    274.19453331711
     287.99774856774    252.23780611828    248.27719361398    281.16205387166
     416.10720596182    355.93135144248  0.  0.  0.  0.  0.  0.  0.  0.  0.  0.
   0.  0.  0.  0.  0.  0.  0.    560.35221318533    1058.5629785327
     1114.4157549679    993.85593240847    1055.4314629802    1157.0091885620
     1334.3088991644    1327.2679203492    722.33395517791    301.61760412073
   0.  0.  0.  0.  0.  0.  0.  0.  0.  0.  0.  0.  0.  0.  0.  0.  0.  0.  0.
   0.  0.  0.  0.  0.  0.  0.  0.  0.  0.  0.  0.  0.  0.  0.  0.  0.  0.  0.
   0.  0.  0.  0.  0.  0.  0.  0.  0.  0.  0.  0.  0.  0.  0.  0.  0.  0.  0.
   0.  0.  0.  0.  0.  0.  0.  0.  0.  0.  0.  0.  0.  0.  0.  0.  0.  0.  0.
   0.  0.  0.  0.  0.  0.  0.  0.  0.  0.    2099.7472554213    332.37453743291
     223.00427202524    148.60849300647    182.03112082898    222.83936861612
     249.08193934539    357.25708361573    347.97157937316    280.70392607431
     359.32483615954    478.72025454984    487.14105051472    409.58268284674
     313.32296381971  0.  0.  0.  0.  0.  0.  0.  0.  0.  0.  0.  0.  0.  0.  0.
   0.  0.    1110.3396284992    1484.6850392777    1266.3594556844
     1169.4033198378    1287.8525122520    1218.8398106309    1190.6681618183
     965.69634814020    677.42823301852    344.40320955345  0.  0.  0.  0.  0.
   0.  0.  0.  0.  0.  0.  0.  0.  0.  0.  0.  0.  0.  0.  0.  0.  0.  0.  0.
   0.  0.  0.  0.  0.  0.  0.  0.    170.47337448279    118.87091372807  0.  0.
   0.  0.  0.  0.  0.  0.  0.  0.  0.  0.  0.  0.  0.  0.  0.  0.  0.  0.  0.
   0.  0.  0.  0.  0.  0.  0.  0.  0.  0.  0.  0.  0.  0.  0.  0.  0.  0.  0.
   0.  0.  0.  0.  0.  0.  0.  0.  0.  0.  0.  0.    3085.9745903452
     2121.5021064853    876.39967567839    246.06724655801    220.08514193063
     303.01128900607    386.01189112820    378.22034828334    308.21501880590
     312.51097682898    475.21647187755    672.47113296873    687.10735758896
     318.40001188124  0.  0.  0.  0.  0.  0.  0.  0.  0.  0.  0.  0.  0.  0.  0.
   0.  0.  0.    1176.2190423670    1357.2616107628    1202.8300953934
     1059.6871650559    1106.3847353218    1021.0398919808    790.23113718024
     693.25657378078    654.33341098574    298.93782353076  0.  0.
     543.20682548988  0.  0.  0.  0.  0.  0.  0.  0.  0.  0.  0.  0.  0.  0.  0.
   0.  0.  0.  0.  0.  0.  0.  0.  0.  0.  0.  0.    291.14349859000
     129.33688986502    168.88950963097   100.588965576065  0.  0.
     160.89740396688  0.  0.  0.  0.  0.  0.  0.  0.  0.  0.  0.  0.  0.  0.  0.
   0.  0.  0.  0.  0.  0.  0.  0.  0.  0.  0.  0.  0.  0.  0.  0.  0.  0.  0.
   0.  0.  0.  0.  0.  0.  0.  0.  0.  0.  0.  0.  0.  0.  0.  0.    3429.8751921732
     4090.1940414557    1321.0503895305    239.98806301204    277.62987192805
     348.69890207266    312.10115869575    533.17878356935    487.46683629838
     784.59333954587    618.79258611102    648.35948776134    297.72308255691
   0.  0.  0.  0.  0.  0.  0.  0.  0.  0.  0.  0.  0.  0.  0.  0.  0.  0.
     1118.6874407126    1105.5175030622    1080.9696109431    993.93321990471
     1008.8924580507    949.70818988386    1232.3034743767    497.15638582458
   0.  0.  0.    411.61804127379    895.38818548778  0.  0.  0.  0.  0.  0.  0.
   0.  0.  0.  0.  0.  0.  0.  0.  0.  0.  0.  0.  0.  0.  0.  0.  0.  0.  0.
     147.68912448464    380.86507186721    337.83575019430    254.37870021058
     227.57489056229    165.43974938593    50.235549629540    330.07906996023
   0.  0.  0.  0.  0.  0.  0.  0.  0.  0.  0.  0.  0.  0.  0.  0.  0.  0.  0.
   0.  0.  0.  0.  0.  0.  0.  0.  0.  0.  0.  0.  0.  0.  0.  0.  0.  0.  0.
   0.  0.  0.  0.  0.  0.  0.  0.  0.  0.  0.  0.  0.    2881.1975307477
     3797.7893889892    1734.1474064432    309.88418564197    200.91675144955
     141.15374898715    571.23572713593    545.90335835079    771.66493120294
     705.11971209684    591.01647916550  0.  0.  0.  0.  0.  0.  0.  0.  0.  0.
   0.  0.  0.  0.  0.  0.  0.  0.  0.    750.94883328397    1419.4243429771
     1215.6428416990   1003.60842851956    952.20455496432    1040.0279845513
     716.03287266643    259.25295812902  0.  0.  0.    442.70170447029
     942.70949848650  0.  0.  0.  0.  0.  0.  0.  0.  0.  0.  0.  0.  0.  0.  0.
   0.  0.  0.  0.  0.  0.  0.  0.  0.    224.78605442665    217.88553616668
     260.91931063355    318.86049910497    403.97341794476    407.19469958260
     343.96363820968    241.77040883382    227.81800891287    349.21206271994
     320.21433526934    292.63391957726  0.  0.  0.  0.  0.  0.  0.  0.  0.  0.
   0.  0.  0.  0.  0.  0.  0.  0.  0.  0.  0.  0.  0.  0.  0.  0.  0.  0.  0.
   0.  0.  0.  0.  0.  0.  0.  0.  0.  0.  0.  0.  0.  0.  0.  0.  0.  0.  0.
   0.  0.    4046.6277941536    2288.7313100753    341.54867843904
     138.15997197230    270.45630587913    376.99893205438    396.76117802556
     718.68841267078    940.41011281749    523.29150465089  0.  0.  0.  0.  0.
   0.  0.  0.  0.  0.  0.  0.  0.  0.  0.  0.  0.  0.  0.  0.    1408.7391946000
     1243.3378833239    1068.4093029329    1049.2987266597    998.40564377271
     557.89946224081    95.583534755160  0.  0.  0.    504.98661528860  0.  0.
   0.  0.  0.  0.  0.  0.  0.  0.  0.  0.  0.  0.  0.  0.  0.  0.  0.  0.  0.
   0.  0.  0.    228.22337087745    515.78321530488    428.81693732750
     393.55228665925    422.54465753355    510.33584117936    613.21534721892
     409.41727910129    165.81016959115    151.79236648352    226.01434401717
     352.57694209807    273.12975412208  0.  0.  0.  0.  0.  0.  0.  0.  0.  0.
   0.  0.  0.  0.  0.  0.  0.  0.  0.  0.  0.  0.  0.  0.  0.  0.  0.  0.  0.
   0.  0.  0.  0.  0.  0.  0.  0.  0.  0.  0.  0.  0.  0.  0.  0.  0.  0.  0.
   0.    1755.1864561377    3998.0490223929    1590.9554172851    182.23240928011
     110.85749234207    266.88105057559    381.01062502028    590.76555040196
     605.27164947010  0.  0.  0.  0.  0.  0.  0.  0.  0.  0.  0.  0.  0.  0.  0.
   0.  0.  0.  0.  0.  0.  0.    1086.0855554858   1000.23722538149
     1059.0615633491    1287.6285263485    1441.4725428582    963.58993077327
   0.  0.  0.  0.  0.  0.  0.  0.  0.  0.  0.  0.  0.  0.  0.  0.  0.  0.  0.
   0.  0.  0.  0.  0.  0.  0.  0.  0.  0.    229.88019467730    531.24142203719
     547.76977144385    504.06726246433    509.06722765849    628.66952234524
     512.07200852236    209.01186279079    45.318310591285    95.070770228049
     192.88535561187    356.23254753912    379.61440844908    296.59086373636
   0.  0.  0.  0.  0.  0.  0.  0.  0.  0.  0.  0.  0.  0.  0.  0.  0.  0.  0.
   0.  0.  0.  0.  0.  0.  0.  0.  0.  0.  0.  0.  0.  0.  0.  0.  0.  0.  0.
   0.  0.  0.  0.  0.  0.  0.  0.  0.  0.    2184.9351679764    3784.5716843111
     719.68039146741    138.91346929822    69.949507658433    162.82361077260
     456.31898883575    815.10997783229  0.  0.  0.  0.  0.  0.  0.  0.  0.  0.
   0.  0.  0.  0.  0.  0.  0.  0.  0.  0.  0.  0.  0.    523.72036155440
     874.54805837685    1107.0745131424    1306.4791000888    1822.4560312832
     801.15227935956  0.  0.  0.  0.  0.  0.  0.  0.  0.  0.  0.  0.  0.  0.  0.
   0.  0.  0.  0.  0.  0.  0.  0.  0.  0.  0.  0.  0.  0.    277.65242400189
     447.19648391018    476.55402442930    426.06171991821    355.17772838767
     304.52200473249    259.61832898270    183.11425099909    93.535906576168
     91.044826552244    124.01487959440    138.51949774855    225.57783839333
     543.36870379631  0.  0.  0.  0.  0.  0.  0.  0.  0.  0.  0.  0.  0.  0.  0.
   0.  0.  0.  0.  0.  0.  0.  0.  0.  0.  0.  0.  0.  0.  0.  0.  0.  0.  0.
   0.  0.  0.  0.  0.  0.  0.  0.  0.  0.  0.  0.  0.  0.    2567.5989843592
     1557.8666823408    351.85582641573    87.586496202227    58.227907140941
     116.44163330599    304.22978385238    605.72522231762  0.  0.  0.  0.  0.
   0.  0.  0.  0.  0.  0.  0.  0.  0.  0.  0.  0.  0.  0.  0.  0.  0.  0.  0.
     793.11802678241    1115.1491131589    1154.0886877551    1018.5720245234
   0.  0.  0.  0.  0.  0.  0.  0.  0.  0.  0.  0.  0.  0.  0.  0.  0.  0.  0.
   0.  0.  0.  0.  0.  0.  0.  0.  0.  0.  0.  0.    347.64465058499
     377.06304275889    222.66960038153    141.54776842903  0.  0.
     194.02970692050    272.31264958845    161.09497092599    109.20622131480
     216.86536854783    427.51511225776    478.18575372009  0.  0.  0.  0.  0.
   0.  0.  0.  0.  0.  0.  0.  0.  0.  0.  0.  0.  0.  0.  0.  0.  0.  0.  0.
   0.  0.  0.  0.  0.  0.  0.  0.  0.  0.  0.  0.  0.  0.  0.  0.  0.  0.  0.
   0.  0.  0.  0.  0.    2315.0844844901    715.19430005021    615.92645876215
     90.282279990276    48.225392320485    146.30934308804    168.10583975030
   0.  0.  0.  0.  0.  0.  0.  0.  0.  0.  0.  0.  0.  0.  0.  0.  0.  0.  0.
   0.  0.  0.  0.  0.  0.  0.  0.  0.  0.  0.  0.  0.  0.  0.  0.  0.  0.  0.
   0.  0.  0.  0.  0.  0.  0.  0.  0.  0.  0.  0.  0.  0.  0.  0.  0.  0.  0.
   0.  0.  0.    240.74782309353  0.  0.  0.  0.  0.  0.    157.03893239096
     75.876954745987    76.065157700978    196.61375012599    652.95760743411
   0.  0.  0.  0.  0.  0.  0.  0.  0.  0.  0.  0.  0.  0.  0.  0.  0.  0.  0.
   0.  0.  0.  0.  0.  0.  0.  0.  0.  0.  0.  0.  0.  0.  0.  0.  0.  0.  0.
   0.  0.  0.  0.  0.  0.  0.  0.  0.  0.  0.    1808.8672061124    651.86537932810
     259.12517241750    95.473439360935    34.470640659238    94.368851800080
   0.  0.  0.  0.  0.  0.  0.  0.  0.  0.  0.  0.  0.  0.  0.  0.  0.  0.  0.
   0.  0.  0.  0.  0.  0.  0.  0.  0.  0.  0.  0.  0.  0.  0.  0.  0.  0.  0.
   0.  0.  0.  0.  0.  0.  0.  0.  0.  0.  0.  0.  0.  0.  0.  0.  0.  0.  0.
   0.  0.  0.  0.  0.  0.  0.  0.  0.  0.  0.  0.    98.804598802368
     236.23706052001    422.85940517202  0.  0.  0.  0.  0.  0.  0.  0.  0.  0.
   0.  0.  0.  0.  0.  0.  0.  0.  0.  0.  0.  0.  0.  0.  0.  0.  0.  0.  0.
   0.  0.  0.  0.  0.  0.  0.  0.  0.  0.  0.  0.  0.  0.  0.  0.  0.  0.  0.
   0.    338.16203681964    1403.4307426381    493.13223934794    202.79982223668
     162.76650336670    99.569916899884  0.  0.  0.  0.  0.  0.  0.  0.  0.  0.
   0.  0.  0.  0.  0.  0.  0.  0.  0.  0.  0.  0.  0.  0.  0.  0.  0.  0.  0.
   0.  0.  0.  0.  0.  0.  0.  0.  0.  0.  0.  0.  0.  0.  0.  0.  0.  0.  0.
   0.  0.  0.  0.  0.  0.  0.  0.  0.  0.  0.  0.  0.  0.  0.  0.  0.  0.  0.
   0.  0.  0.  0.  0.  0.  0.  0.  0.  0.  0.  0.  0.  0.  0.    331.51779107600
   0.  0.  0.  0.  0.  0.  0.  0.  0.  0.  0.  0.  0.  0.  0.  0.  0.  0.  0.
   0.  0.  0.  0.  0.  0.  0.  0.  0.  0.  0.  0.  0.  0.  0.  0.  0.  0.  0.
   0.    464.15744066825    1061.1367383710    567.78091022957    96.573509803811
   0.  0.  0.  0.  0.  0.  0.  0.  0.  0.  0.  0.  0.  0.  0.  0.  0.  0.  0.
   0.  0.  0.  0.  0.  0.  0.  0.  0.  0.  0.  0.  0.  0.  0.  0.  0.  0.  0.
   0.  0.  0.  0.  0.  0.  0.  0.  0.  0.  0.  0.  0.  0.  0.  0.  0.  0.  0.
   0.  0.  0.  0.  0.  0.  0.  0.  0.  0.  0.  0.  0.  0.  0.  0.  0.
     417.47350909619  0.  0.  0.  0.  0.  0.  0.  0.    712.96974903937  0.  0.
   0.  0.  0.  0.  0.  0.  0.  0.  0.  0.  0.  0.  0.  0.  0.  0.  0.  0.  0.
   0.  0.  0.  0.  0.  0.  0.  0.  0.  0.  0.  0.  0.  0.  0.  0.  0.  0.  0.
     646.35284301391    922.71464410368    528.35319213363  0.  0.  0.  0.  0.
   0.  0.  0.  0.  0.  0.  0.  0.  0.  0.  0.  0.  0.  0.  0.  0.  0.  0.  0.
   0.  0.  0.  0.  0.  0.  0.  0.  0.  0.  0.  0.  0.  0.  0.  0.  0.  0.  0.
   0.  0.  0.  0.  0.  0.  0.  0.  0.  0.  0.  0.  0.  0.  0.  0.  0.  0.  0.
   0.  0.  0.  0.  0.  0.  0.  0.  0.  0.  0.  0.  0.  0.  0.  0.  0.  0.  0.
   0.  0.    604.24054473971  0.  0.  0.  0.  0.  0.  0.  0.  0.  0.  0.  0.  0.
   0.  0.  0.  0.  0.  0.  0.  0.  0.  0.  0.  0.  0.  0.  0.  0.  0.  0.  0.
   0.  0.  0.  0.  0.  0.  0.  0.  0.    770.76022022664    653.18024843074
     320.96950484812  0.  0.  0.  0.  0.  0.  0.  0.  0.  0.  0.  0.  0.  0.  0.
   0.  0.  0.  0.  0.  0.  0.  0.  0.  0.  0.  0.  0.  0.  0.  0.  0.  0.  0.
   0.  0.  0.  0.  0.  0.  0.  0.  0.  0.  0.  0.  0.  0.  0.  0.  0.  0.  0.
   0.  0.  0.  0.  0.  0.  0.  0.  0.  0.  0.  0.  0.  0.  0.  0.  0.  0.  0.
   0.  0.  0.  0.  0.  0.  0.  0.  0.  0.  0.  0.  0.  0.  0.  0.  0.  0.  0.
   0.  0.  0.  0.  0.  0.  0.  0.  0.  0.  0.  0.  0.  0.  0.  0.  0.  0.  0.
   0.  0.  0.  0.  0.  0.  0.  0.  0.  0.  0.  0.  0.  0.  0.    864.76679958992
     580.69093260535    267.43587759718  0.  0.  0.  0.  0.  0.  0.  0.  0.  0.
   0.  0.  0.  0.  0.  0.  0.  0.  0.  0.  0.  0.  0.  0.  0.  0.  0.  0.  0.
   0.  0.  0.  0.  0.  0.  0.  0.  0.  0.  0.  0.  0.  0.  0.  0.  0.  0.  0.
   0.  0.  0.  0.  0.  0.  0.  0.  0.  0.  0.  0.  0.  0.  0.  0.  0.  0.  0.
   0.  0.  0.  0.  0.  0.  0.  0.  0.  0.  0.  0.  0.  0.  0.  0.  0.  0.  0.
   0.  0.  0.  0.  0.  0.  0.  0.  0.  0.  0.  0.  0.  0.  0.  0.  0.  0.  0.
   0.  0.  0.  0.  0.  0.  0.  0.  0.  0.  0.  0.  0.  0.  0.  0.  0.  0.  0.
   0.  0.    252.08555817980  0.  0.  0.  0.  0.  0.  0.  0.  0.  0.  0.  0.  0.
   0.  0.  0.  0.  0.  0.  0.  0.  0.  0.  0.  0.  0.  0.  0.  0.  0.  0.  0.
   0.  0.  0.  0.  0.  0.  0.  0.  0.  0.  0.  0.  0.  0.  0.  0.  0.  0.  0.
   0.  0.  0.  0.  0.  0.  0.  0.  0.  0.  0.  0.  0.  0.  0.  0.  0.  0.  0.
   0.  0.  0.  0.  0.  0.  0.  0.  0.  0.  0.  0.  0.  0.  0.  0.  0.  0.  0.
   0.  0.  0.  0.  0.  0.  0.  0.  0.  0.  0.  0.  0.  0.  0.  0.  0.  0.  0.
   0.  0.  0.  0.  0.  0.  0.  0.  0.  0.  0.  0.  0.  0.  0.  0.  0.  0.  0.
     350.40709026354    240.77112238550  0.  0.  0.  0.  0.  0.  0.  0.  0.  0.
   0.  0.  0.  0.  0.  0.  0.  0.  0.  0.  0.  0.  0.  0.  0.  0.  0.  0.  0.
   0.  0.  0.  0.  0.  0.  0.  0.  0.  0.  0.  0.  0.  0.  0.  0.  0.  0.  0.
   0.  0.  0.  0.  0.  0.  0.  0.  0.  0.  0.  0.  0.  0.  0.  0.  0.  0.  0.
   0.  0.  0.  0.  0.  0.  0.  0.  0.  0.  0.  0.  0.  0.  0.  0.  0.  0.  0.
   0.  0.  0.  0.  0.  0.  0.  0.  0.  0.  0.  0.  0.  0.  0.  0.  0.  0.  0.
   0.  0.  0.  0.  0.  0.  0.  0.  0.  0.  0.  0.  0.  0.  0.  0.  0.  0.  0.
   0.  0.  0.  0.  0.  0.  0.  0.  0.  0.  0.  0.  0.  0.  0.  0.  0.  0.  0.
   0.  0.  0.  0.  0.  0.  0.  0.  0.  0.  0.  0.  0.  0.  0.  0.  0.  0.  0.
   0.  0.  0.  0.  0.  0.  0.  0.  0.  0.  0.  0.  0.  0.  0.  0.  0.  0.  0.
   0.  0.  0.  0.  0.  0.  0.  0.  0.  0.  0.  0.  0.  0.  0.  0.  0.  0.  0.
   0.  0.  0.  0.  0.  0.  0.  0.  0.  0.  0.  0.  0.  0.  0.  0.  0.  0.  0.
   0.  0.  0.  0.  0.  0.  0.  0.  0.  0.  0.  0.  0.  0.  0.  0.  0.  0.  0.
   0.  0.  0.  0.  0.  0.  0.  0.  0.  0.  0.  0.  0.  0.  0.  0.  0.  0.  0.
   0.  0.  0.  0.  0.  0.  0.  0.  0.  0.  0.  0.  0.  0.  0.  0.  0.  0.  0.
   0.  0.  0.  0.  0.  0.  0.  0.  0.  0.  0.  0.  0.  0.  0.  0.  0.  0.  0.
   0.  0.  0.  0.  0.  0.  0.  0.  0.  0.  0.  0.  0.  0.  0.  0.  0.  0.  0.
   0.  0.  0.  0.  0.  0.  0.  0.  0.  0.  0.  0.  0.  0.  0.  0.  0.  0.  0.
   0.  0.  0.  0.  0.  0.  0.  0.  0.  0.  0.  0.  0.  0.  0.  0.  0.  0.  0.
   0.  0.  0.  0.  0.  0.  0.  0.  0.  0.  0.  0.  0.  0.  0.  0.  0.  0.  0.
   0.  0.  0.  0.  0.  0.  0.  0.  0.  0.  0.  0.  0.  0.  0.  0.  0.  0.  0.
   0.  0.  0.  0.  0.  0.  0.  0.  0.  0.  0.  0.  0.  0.  0.  0.  0.  0.  0.
   0.  0.  0.  0.  0.  0.  0.  0.  0.  0.  0.  0.  0.  0.  0.  0.  0.  0.  0.
   0.  0.  0.  0.  0.  0.  0.  0.  0.  0.  0.  0.  0.  0.  0.  0.  0.  0.  0.
   0.  0.  0.  0.  0.  0.  0.  0.  0.  0.  0.  0.  0.  0.  0.  0.  0.  0.  0.
   0.  0.  0.  0.  0.  0.  0.  0.  0.  0.  0.  0.  0.  0.  0.  0.  0.  0.  0.
   0.  0.  0.  0.  0.  0.  0.  0.  0.  0.  0.  0.  0.  0.  0.  0.  0.  0.  0.
   0.  0.  0.  0.  0.  0.  0.  0.    716.23765509979    568.03915533655  0.  0.
   0.  0.  0.  0.  0.  0.  0.  0.  0.  0.  0.  0.  0.  0.  0.  0.  0.  0.  0.
   0.  0.  0.  0.  0.  0.  0.  0.  0.  0.  0.  0.  0.  0.  0.    1071.2231229367
     1045.2055587340    929.20999148883    1414.6969776236    1857.1920833663
     1628.0906240151    1597.8482792699    1506.8234929895    1240.7701188167
     789.12365681094  0.  0.  0.    1042.6712696053    1381.6046155552
     1386.4082896810    1538.0890066223    1736.7774210036    1876.6706823519
     1871.4301424634    1845.2317874601    1910.2663089530    2018.0768262765
     1919.9985710743    1635.7952692454    1516.5530653343    1343.3058558949
     1249.4351871024    1332.3906596153    1644.7252497193    1560.3049099148
     1548.1924950472    1765.1585916952    1918.4440790561    1919.2496196681
     1641.5525667178    1026.3959263406    725.43163098968  0.  0.  0.  0.  0.
   0.  0.  0.  0.  0.  0.  0.  0.  0.  0.  0.  0.  0.  0.  0.  0.  0.  0.  0.
   0.  0.  0.  0.  0.  0.  0.  0.  0.  0.  0.  0.  0.  0.  0.  0.  0.  0.  0.
   0.  0.  0.  0.  0.  0.  0.  0.    794.80264162573    986.38891946259  0.  0.
   0.  0.  0.  0.  0.  0.  0.  0.  0.  0.  0.  0.  0.  0.  0.  0.  0.  0.  0.
   0.  0.    980.17888715098    1223.6077894354    1186.3394940698
     1467.9896571724    1310.3783210878    1255.9684070763    876.33773482589
     959.08913747902    1157.2410733976    1271.5067578746    1197.9261313769
     1338.3385877934    1591.8785433276    1749.2814624770    2198.0645641392
     2368.1692654148    2469.6532368160    2590.8883092121    2741.5160360438
     2685.4719926081    2492.2132027462    2178.9674196741    1753.7252784926
     646.22495542987    370.89680936257    1081.5044630330    1724.3237948570
     2267.5035633504    2646.5764288729    2798.2483726035    2904.5339371194
     2941.6027773877    3005.2895580373    3014.2233207976    2888.4340665657
     2766.5033177612    2693.4072423813    2664.1260201964    2653.9210670195
     2661.9792547872    2647.5216311131    2659.1691826405    2727.4949252510
     2788.8915140736    2771.2969257657    2656.4828655495    2654.5089771500
     2651.3712834355    2572.3037712229    2355.7445013703    2173.2085656924
     1995.8778936831    1900.0672445170    1832.3364639575    1774.8175804752
     1722.8742875267    1382.2768383506    1261.8168942699    1158.4807449574
   0.  0.  0.  0.  0.  0.  0.  0.  0.  0.  0.  0.  0.  0.  0.  0.  0.  0.  0.
   0.  0.  0.  0.  0.  0.  0.  0.  0.  0.  0.  0.  0.  0.  0.  0.  0.  0.  0.
   0.  0.  0.  0.    105.81960697667    478.41463083328    955.48171426073
     1861.4829541661    743.93797043548  0.  0.  0.  0.  0.  0.  0.  0.  0.  0.
   0.  0.  0.  0.  0.  0.  0.  0.  0.    818.72207845642    603.07763549818
     2404.5133929186    2701.2966547183    3176.4538522827    3445.1300278310
     3495.8464980889    3372.9647568526    3321.3967140477    3339.6113851978
     3163.8075459902    3210.3198128895    3067.8972263583    2863.2711895295
     2842.9668026657    2886.1654077007    2911.9453797889    2882.4941187572
     2846.0203562057    2811.8884604917    2705.1517162734    2573.2998860027
     2431.2652093163    2243.5272999565    1753.5936439133    1327.0091192496
     1093.0791274683    1706.5765812245    2241.6808730020    2778.1826674600
     2988.5509755286    3129.3533539910    3245.2468336461    3348.3163246123
     3432.9598465191    3462.4135052651    3465.3694904235    3376.9898919767
     3210.4435155721    3065.2707786446    2997.0081548995    3023.7859020802
     3061.8868942543    3071.1073487893    3058.1361030237    3028.0895695330
     3009.0332331635    2975.0592566519    2889.3093380411    2809.9668873169
     2749.3187085226    2694.9269437522    2586.7735557458    2500.9270542542
     2393.0832438231    2277.0293257816    2226.6175016313    2189.5423053369
     2092.5536297399    1766.3859227995    1375.3213691918    1102.2974237051
   0.  0.  0.  0.  0.  0.  0.  0.  0.  0.  0.  0.  0.  0.  0.  0.  0.  0.  0.
   0.  0.  0.  0.  0.    165.07574852895    204.90893012866  0.  0.  0.  0.  0.
   0.    205.39471460638    445.09775885558    523.18784686278    717.90714217066
     752.15058300145    889.67207763046    839.11762336563    712.44162545292
     435.36952215076    440.39077822064    739.63252497071    988.83494025883
     1197.2515928149    1272.4415650037    625.24600744690  0.  0.  0.  0.  0.
   0.  0.  0.  0.  0.  0.  0.  0.  0.    810.93359456590    1180.9023401590
     1307.3233718854    1565.5159415435    1898.3468423811    2337.9781205099
     2474.9174227356    2786.3316545337    2958.8675403499    3270.4758383846
     3417.9548622555    3432.7895699585    3398.5559364090    3369.4982729192
     3334.1628854751    3336.2582169050    3332.3197426932    3306.8279567754
     3269.6087107780    3236.2834473441    3209.7230725553    3175.6013054444
     3087.3260465781    3013.6417351636    2909.5907976889    2817.7323545079
     2786.9153166620    2720.0342677933    2574.2401704741    2395.2822982665
     2311.6364550887    2396.7920887115    2636.4928459090    2953.9688015709
     3131.5442463936    3198.8204472910    3283.3882153091    3390.7746053827
     3516.8988273822    3611.1860962011    3676.6149506523    3664.7948601735
     3588.9805062611    3498.7590019277    3375.7801401042    3286.3275746292
     3229.0972132788    3190.8836991611    3140.9588619015    3133.7419574549
     3119.3082471754    3081.6324817375    3037.4912609342    2897.2926001997
     2725.5043165167    2660.5801347363    2642.2070253478    2615.1690494325
     2569.7753786002    2513.8897232258    2381.8424384300    2333.8370905888
     2254.5593103444    2150.3255096512    1585.9100603808    550.05233744613
   0.  0.  0.  0.  0.  0.  0.  0.  0.  0.  0.  0.  0.  0.  0.  0.    213.66621488296
     246.74556776042    567.97835996215    1021.1100571048    1369.6342918659
     1596.4324746858    1783.6619409712    1869.0690915374    1905.6163525644
     1812.4321448406    1722.6981916750    1627.3065923483    1415.1056546889
     1273.2339387007    1070.7623288058    1046.7753414973    1061.5837658744
    1003.74427173402    1040.3429826921    1131.0505888410    1188.7593449981
     1255.4633967750    1286.6934508473    786.17047075974    484.49098590330
     373.25876498931    298.43931200726    455.44149046269    572.58380438577
     472.07308267088  0.  0.  0.  0.  0.  0.  0.  0.  0.  0.  0.  0.  0.
     630.12878003708    902.43898798151    1314.1788193829    1803.6397087222
     2125.5720120336    2500.3686381957    2756.0989641988    2827.4933817665
     2864.8137696630    2817.5802279354    2733.1098829486    2915.4071128930
     3118.1315085899    3230.3252894258    3301.3183877172    3340.3317710218
     3373.3602607776    3402.1664730775    3423.7743792092    3431.2649386629
     3451.6657066604    3482.8014660911    3493.8395353432    3503.6395216422
     3525.6310546645    3477.8934162856    3425.5946976951    3313.9135540042
     3259.6683361660    3228.0992585816    3207.1637775366    3218.4545621284
     3229.1676299795    3277.4807076632    3357.7383139531    3502.2524694002
     3579.6995458417    3636.3858155350    3652.1656501215    3670.1310282414
     3682.5923878667    3759.7354746046    3751.5970808659    3681.6640560530
     3644.0198691015    3587.4830188286    3521.7324251713    3444.0844009529
     3363.1293779614    3227.8540492589    3169.7499511857    3134.0826532434
     3101.4114398642    3082.0342650232    3031.4030522595    2953.8058740099
     2787.1125171246    2675.1704604380    2600.4572477247    2529.6571944367
     2466.5006592228    2400.0647321743    2316.2846899819    2195.9113797797
     1993.2812607382    1791.2372537222    1559.4924487833    906.28597335793
   0.  0.  0.  0.  0.  0.  0.  0.  0.  0.  0.  0.  0.  0.  0.    398.32967347786
     525.86253151501    582.90855206165    605.98914132581    610.40084115718
     660.50787059549    783.40000843566    952.10389312769    1139.9424818771
     1354.0127784353    1433.5877097084    1482.8708046253    1543.5421267695
     1605.6717568010    1695.2292602671    1714.4587662994    1778.8896981444
     1837.1960544019    1875.0150753078    1898.9204117371    2025.4013134124
     2075.0993496592    2067.5629872802    1804.4901619001    1698.8461945248
     1109.3813335288    428.47993820874    290.39339312787  0.  0.  0.  0.  0.
   0.  0.  0.    355.98452007796    631.15633288902    675.62548900022
     464.02352108181  0.  0.  0.    382.81212065082    460.47779374482
     691.55569270543    1053.5660036125    1576.3039409607    2083.6617518395
     2436.8314701965    2710.7159752284    2770.0260716521    2804.7819880816
     2849.5741314377    2774.4209756360    2685.3865302655    2751.1883471320
     2928.6644145278    3016.5166433592    3104.7524316501    3148.0169735138
     3196.7098274077    3259.5976770762    3318.0666164926    3370.0490515708
     3444.5236196303    3516.8013924234    3538.1697879169    3573.4520269271
     3639.9070074960    3683.0510599647    3705.1366063883    3709.3960552634
     3734.3469850405    3746.9479420451    3758.4401827184    3795.5319465588
     3822.1218587866    3906.6377987421    3989.4560454944    3941.5132383650
     3940.7723994158    3915.6679169679    3846.5773413027    3780.7523346775
     3766.4480802313    3793.5013718205    3715.4785334923    3529.1870265200
     3444.2789686251    3387.8390799807    3332.3224938150    3314.3982631971
     3282.9774685901    3183.0284806345    3122.4936257735    3094.7039728869
     3063.4019804315    3011.2998879080    2908.8970654065    2817.6894974893
     2727.8937268829    2688.2748940061    2576.6989063793    2472.6709796350
     2393.5202262151    2340.2409291218    2226.7627341744    2082.1525555985
     1960.4600061212    1892.6096704490    1862.2314670368    1428.3789727757
     1182.1162234240  0.  0.  0.  0.  0.  0.  0.  0.  0.  0.  0.  0.  0.  0.  0.
     304.20018273896    342.68395161034    362.06432405176    387.56198657169
     456.86188485035    562.64776768192    636.52619857532    673.25940282594
     747.60337330188    812.44445286465    873.06895984051    1015.0524603459
     1332.6038359546    1513.4211953836    1633.8435093131    1851.6336970378
     2053.3979506612    2179.9656787549    2214.6673156115    2170.9829939487
     2148.3075718850    2120.7377730777    1902.3756993424    1608.8699054683
     1220.3443128874    933.06504830066    683.17294613241    543.33989143699
     438.92943219846    369.40764193632    344.02750193361    269.37931866268
     247.03145866775  0.    552.60436885078    811.71256402330    858.21581244452
     641.07574631227    561.27309473653    676.43687354384    864.55320380549
     946.29690700553    1096.0768040048    1275.4073254804    1436.7181453484
     1679.6885837681    1930.1188609245    2263.0020320273    2497.3152461054
     2697.7916707914    2752.0599299866    2779.9303743850    2775.6044454969
     2695.1561307852    2671.7223106449    2681.2061730526    2720.7472007491
     2786.1658207853    2884.8418013130    2908.5879254140    2924.7289194337
     2950.8159696148    2973.7709791946    3012.7735681560    3075.6699777150
     3134.4189189823    3204.6817532048    3246.0838136744    3272.4541075507
     3314.6682700615    3340.2604355118    3352.8315182314    3361.6160793319
     3398.3607151415    3424.7311632731    3433.9645898497    3455.5700620204
     3477.7011359316    3503.7481454842    3493.4117253852    3463.9156947501
     3430.2849783508    3383.0338833238    3359.2756317110    3359.6377526758
     3357.0004042588    3333.8882883714    3281.4227090333    3251.7434334617
     3233.7190982566    3212.9466726571    3193.3238397836    3168.2206927794
     3145.1742943692    3108.8289669159    3080.9328944911    3055.2892659151
     2999.8447532389    2922.5365307132    2865.7922851466    2819.9971972836
     2801.2089222006    2773.8696288526    2761.0846761482    2767.3103582175
     2756.7960136721    2743.2486273366    2717.2255370848    2599.5008450441
     2496.4642572715    2441.6702498864    2416.8775714213    2360.3482572970
     2314.5356054181    1974.7433062839    2008.4486539963    2193.0744268152
     1990.3465408959    1920.2817348875    1893.2138592154    2034.4841773922
     2034.2659470323    1749.2907586738    1783.6116492514  0.  0.  0.  0.
     628.68672389885    614.56096979655    711.48125348419    725.53779167796
     852.12299159955    979.17315827040    1044.3642699822    1120.4412084676
     1164.0068410392    1222.6180992945    1410.4735361403    1518.3745379055
     1607.9880311341    1770.4438629391    1840.1568591701    2042.8783274220
     2117.7412035008    2144.8836141246    2113.2106296193    2086.2467713489
     2066.6628001383    2084.3732415142    1938.9388523806    1672.6659790426
     1322.5897420483    972.00312324847    877.20539382605    986.68259003559
     1087.4308559545    1165.6656255673    1182.1566894912    1190.6963414527
     1117.9026226200    1186.0194248220    1402.3020538689    1478.5098061540
     1480.2981156339    1510.2315078919    1624.8252237207    1721.2205370764
     1795.0926496893    1873.0440292035    1959.2831344891    2024.4084986016
     2076.9018422401    2206.4214345438    2289.0825932546    2423.0379697161
     2586.0407081584    2700.9092122147    2750.8428201961    2761.8359409334
     2739.8231306866    2691.7608829929    2723.9208701150    2723.6181864345
     2722.7518550797    2759.2678593289    2833.5307443750    2834.8937432256
     2840.4743234255    2846.2227883580    2850.0683342391    2842.2849258677
     2844.3381699815    2871.1167785654    2879.3951953462    2890.2318280972
     2915.0583247441    2973.5166327955    3003.3529612353    3023.1080718883
     3019.8795620110    3024.0283032742    3039.6537878401    3037.2894104459
     3036.5192720851    3043.9194829117    3059.8159692072    3051.2103448787
     3055.4778463047    3074.9049540991    3074.0789791580    3062.3737460107
     3065.1309034084    3071.3428122442    3072.1208366994    3071.6966862254
     3076.9502964026    3067.2687635473    3058.3801819912    3056.1897035675
     3061.3437904382    3045.8977660621    3041.6941020152    3033.1920312230
     3020.1712843518    2985.6291165441    2969.4590751507    2958.9080020481
     2953.4873193828    2951.8784182954    2948.7699401693    2948.4064111287
     2951.7822803780    2955.2519237732    2955.2519237732    2956.7004588556
     2962.2433940439    2952.6551104849    2942.9515590836    2928.0325718479
     2922.0216719990    2921.7322134874    2928.5315157970    2938.4921619975
     2950.5838751926    2959.0973359486    2987.6623214359    2985.5160190889
     2973.3617593277    2958.7760360049    2906.9915051942    2840.3890658608
     2790.3298758562    2770.7646724694    2775.6624946905    2651.5162466694
     2512.5072967958    2449.6570760684    2541.8402801991    2534.7058627218
     2447.2579965688    2436.9703124625    2431.2012594790    2419.1818323188
     2405.8038395205    2394.8772862891    2412.9182889877    2405.2015347912
     2384.9868038570    2392.3985147093    2394.2835995357    2425.8032323685
     2437.8312835842    2419.7725254348    2383.4301011561    2370.5785467420
     2369.9604861431    2344.6098374401    2210.0078591914    2113.4105720262
     2071.6972920604    2029.6084948358    1983.5049069426    2009.0372578637
     2053.9204617701    2095.8671286578    2152.8515067513    2265.3073331358
     2321.1474592967    2328.8235619884    2319.5918394356    2310.2591243936
     2306.5014789992    2329.5086593768    2341.8564972714    2361.0519109543
     2396.8825236269    2428.6129585662    2444.4758144194    2478.5234073876
     2515.3675589776    2553.5792654153    2587.9538754969    2611.1888620621
     2657.3341892484    2692.3779951170    2707.3308494107    2717.0132402697
     2708.7002006648    2696.5319398246
