   (    1.5313121111662D-02,  0.)  (    6.8791817148990D-03,  0.)
   (    4.0657279169225D-03,  0.)  (    8.3707852707045D-03,  0.)
   (    4.0072730853168D-03,  0.)  (   -5.2746801083871D-04,  0.)
   (   -4.1140307314677D-04,  0.)  (   -4.6638663986239D-04,  0.)
   (   -1.7693715385792D-03,  0.)  (   -2.6971072730393D-04,  0.)
   (    5.3285844321374D-04,  0.)  (   -3.1808922641355D-05,  0.)
   (    3.7285637766328D-04,  0.)  (    6.4844550161734D-04,  0.)
   (    9.3959649016054D-05,  0.)  (    1.2259731229087D-04,  0.)
   (    4.6151955229917D-05,  0.)  (    1.1745994086049D-05,  0.)
   (    3.6650861322971D-05,  0.)  (    7.0456601368830D-05,  0.)
   (    2.2242483752644D-05,  0.)
   (   -3.2414810536247D-03,    3.3945910825125D-03)
   (    1.3227440178491D-03,    2.7015969673927D-03)
   (   -6.3972177941207D-04,   -6.3312325147639D-04)
   (   -2.0650862774760D-03,    2.7970787810020D-03)
   (   -1.5137271623091D-03,    3.8606444479877D-03)
   (   -1.7697897284132D-03,   -6.9811272943039D-05)
   (   -6.9477873430565D-04,    9.6999618813416D-04)
   (   -5.9093778575130D-04,    9.2177339052854D-04)
   (    2.4852103258632D-04,   -1.3603529658532D-03)
   (    2.1037418091442D-04,   -4.0742467482968D-04)
   (    2.1492380797105D-04,    6.6979300754025D-04)
   (    2.0948289141495D-04,    2.2204951317801D-05)
   (    1.0814349699078D-04,    1.9066019465159D-04)
   (    1.8334764570749D-05,    6.9770063169857D-04)
   (    3.7140893623287D-05,    1.7160734692797D-04)
   (   -7.6162329432524D-06,   -9.5248501736248D-05)
   (   -3.7975938766591D-05,   -2.4112593562823D-05)
   (    5.6473926819549D-05,   -1.0853823318181D-04)
   (    1.0469790318944D-05,   -4.6060522265614D-05)
   (    4.1608096321020D-05,   -1.8970106485314D-05)
   (    4.8569031829610D-05,   -4.5787143827155D-06)
   (   -2.9351128161086D-03,   -1.4107397391761D-03)
   (   -4.6195754905977D-03,   -5.2602619338266D-05)
   (    1.7365137567604D-03,    1.0224245929699D-03)
   (    6.0807609795956D-04,    1.2987320451865D-03)
   (   -2.3589117006561D-03,    1.7883136531735D-04)
   (   -1.4881053542708D-04,    4.9968853444213D-04)
   (   -1.8232260953315D-04,    8.3632754126436D-04)
   (   -1.2309878244287D-03,   -5.6323456349502D-04)
   (    2.5632311211756D-05,   -6.3934663175889D-04)
   (    7.9236309139556D-04,   -3.8655238604708D-04)
   (   -6.7137713374138D-04,   -2.6661224904745D-04)
   (   -2.9434405189393D-04,   -1.8391273288651D-04)
   (   -7.4720202591595D-05,    3.8871457437775D-05)
   (   -3.0523132513126D-04,    1.1775091452641D-04)
   (   -1.9076935532198D-04,    6.1672974019163D-05)
   (    2.1659435611069D-05,    1.4928381888423D-05)
   (    1.1360403216924D-04,   -4.6635472850151D-05)
   (    6.0824868366680D-05,    8.0652206670862D-05)
   (    6.4712952447467D-05,   -2.7120281730673D-06)
   (    3.6615895674653D-05,    8.6086045248850D-07)
   (   -1.4000650338438D-04,    1.7526190661235D-03)
   (   -1.4355231253165D-03,   -2.6993890581722D-03)
   (   -9.6373229087617D-04,    7.1181274884308D-04)
   (   -2.7401299563426D-04,    8.5163936173233D-04)
   (    8.2344027250722D-05,   -1.6322996258148D-03)
   (   -6.4387031695910D-05,    1.9853713502809D-04)
   (   -1.0477127621738D-03,    7.5931476651333D-04)
   (   -2.8940890195123D-04,   -6.2527038704632D-04)
   (   -3.9999922882268D-04,    2.6038198078813D-04)
   (   -9.6860385032486D-04,    1.0342548258429D-03)
   (   -3.2103139397345D-04,   -2.0530863346995D-04)
   (   -9.4055417900309D-05,   -1.3412716627953D-04)
   (   -1.7669421419750D-04,    3.1177663956175D-04)
   (   -1.0099678069742D-05,   -4.7696481478653D-05)
   (   -3.8471968093523D-05,   -1.7536267380173D-04)
   (    3.7444191854585D-05,    1.0131834134445D-04)
   (    6.0459701663931D-06,    3.0928631177560D-05)
   (    1.3885318817477D-05,    6.0873149198174D-05)
   (    1.7541855668491D-05,    6.0311157529561D-05)
   (   -2.1006266742485D-05,    3.9048534891272D-05)
   (    7.4356630338442D-04,   -2.9572916891998D-03)
   (    2.9270359192214D-03,    1.1504721831161D-03)
   (   -8.1855891146659D-04,    1.5013849937472D-04)
   (   -2.0934429859626D-03,   -1.2255868769248D-03)
   (   -2.5408677352776D-04,    3.9236760075327D-04)
   (   -5.6118270856140D-04,    5.0970961103846D-04)
   (   -9.6653650867859D-04,   -7.5230458813472D-04)
   (    2.2991090268056D-04,   -3.4634019360931D-04)
   (    6.4758414180627D-05,    2.8387263142206D-04)
   (   -7.2262652805530D-04,   -9.6801960097724D-05)
   (    2.3440368950836D-04,   -1.4942132227097D-04)
   (    3.3191710145506D-04,    3.4266820637421D-04)
   (   -1.2031670627860D-04,    3.8041754781512D-06)
   (   -8.6040315178191D-05,    1.1101904050699D-04)
   (    1.6617498680743D-04,    1.4292049571318D-04)
   (   -5.5555430870426D-05,    1.9552891055163D-06)
   (   -4.7610965879105D-05,    3.6795415015054D-05)
   (    2.1962741905821D-05,    4.8509380123774D-05)
   (    2.8544877507299D-05,    3.7683866755015D-05)
   (    7.3631924494604D-04,    2.3007084924589D-03)
   (    4.3229801555314D-04,    2.1259713254455D-03)
   (    7.1598621916129D-04,    1.8985379944018D-04)
   (    5.5795838445465D-05,   -3.5978020292044D-04)
   (   -2.2148561562912D-04,    5.3813220990804D-04)
   (   -1.7212206699270D-04,    4.2637317836783D-04)
   (    4.9433248285247D-04,   -2.0462642103736D-04)
   (    3.8382373263324D-04,    4.2574567835763D-04)
   (    7.1929094099834D-05,    3.4652661588758D-04)
   (    4.4290604402604D-04,   -2.4441792081187D-04)
   (    6.1731748453688D-05,    1.1079697572249D-04)
   (   -4.0237719834718D-04,    4.2797153709947D-04)
   (   -3.9061981305047D-05,    1.5187457282575D-04)
   (    2.6820845580570D-05,    5.4612180851088D-05)
   (   -4.7045781977405D-05,    5.8156118848875D-05)
   (   -2.0929490282161D-05,   -9.1833226407394D-05)
   (    1.1442061532601D-04,   -6.0699001880903D-05)
   (   -1.4000844843337D-05,   -2.9204676975886D-05)
   (   -8.4664129957213D-06,   -2.9788733431549D-05)
   (   -1.3067300996425D-03,    1.8283068760630D-05)
   (   -4.0520888864257D-04,   -5.7174560862742D-04)
   (   -6.1720209232745D-05,    9.9106563794000D-05)
   (    1.0337891053056D-03,    1.6050882910422D-04)
   (   -1.3914323406759D-04,    1.9595443585259D-04)
   (   -7.5313852819223D-04,   -1.3379576396709D-04)
   (    1.7867354334720D-04,   -4.2918702465244D-04)
   (   -4.3255311116747D-04,   -1.3722422274821D-04)
   (   -5.8813544364269D-04,   -2.1020327556898D-04)
   (    7.0479271206726D-05,   -2.3493635012577D-04)
   (    3.4865794736887D-05,    9.4967906438458D-05)
   (   -2.8637119928253D-04,   -2.0143857826865D-04)
   (   -1.7971837062430D-04,   -8.4038151131199D-05)
   (   -8.5557048499658D-05,    4.3072471376336D-05)
   (   -3.7532830293263D-05,   -8.2240916497217D-05)
   (    5.4355647750244D-05,   -6.0249076635221D-05)
   (   -1.0790267852040D-05,    8.2777531992037D-06)
   (   -2.3780096175228D-05,   -2.7280983320669D-05)
   (    9.1408293407296D-04,   -1.5531917472508D-03)
   (   -1.2053934424307D-03,   -2.0253521814847D-03)
   (    9.2438345430701D-07,   -1.0423022763074D-03)
   (    2.6451390304595D-04,    7.6240957709097D-04)
   (   -2.3204673682248D-04,    2.4894625063755D-04)
   (   -2.4889148329081D-05,   -3.1838897803648D-04)
   (   -1.9797063349409D-04,    4.9675666739557D-04)
   (   -2.6956639381225D-04,    4.5315205499891D-04)
   (   -2.2131726103078D-04,   -5.5415436102451D-05)
   (   -2.2099337316370D-04,   -3.8230539887598D-05)
   (    1.1719362453615D-04,    1.6568747935815D-04)
   (   -1.2643540145047D-04,   -3.3901349263503D-05)
   (   -6.4200703667611D-05,    1.3887603472394D-04)
   (   -6.3511985483385D-05,   -1.9835346106660D-05)
   (   -4.9133866334644D-05,   -4.8474918455134D-05)
   (    7.3382708328653D-06,    2.6976169186837D-05)
   (   -1.9986310761566D-05,   -5.5553194600797D-06)
   (    1.9770860178147D-05,   -1.1541824132317D-05)
   (   -7.4344177191768D-04,    4.4390327302667D-04)
   (    1.5927492745578D-04,    5.8566846668605D-05)
   (    2.0682861259290D-05,   -3.3320870618430D-05)
   (   -6.6101668310063D-04,   -2.2943230106565D-04)
   (   -1.9060674223238D-04,   -4.2161318333428D-04)
   (    8.7421831706291D-04,   -2.2447389203282D-04)
   (    1.0218974060566D-04,    1.9448137725677D-04)
   (    5.1961054349118D-05,   -1.8514381601762D-04)
   (    6.3135113038512D-04,   -4.8572950824467D-04)
   (    3.8290291041628D-04,   -2.8717388711647D-04)
   (   -1.5648402948302D-04,   -1.4530691469254D-04)
   (    2.8326957973555D-04,   -1.6519366216568D-04)
   (    1.4308005069100D-04,   -1.6158223593525D-04)
   (    1.5747002457395D-05,   -1.4011933014921D-04)
   (    9.3332334241274D-05,    2.4373032141559D-05)
   (    1.8088182452278D-05,   -1.0221016026745D-05)
   (    1.3356310400655D-05,    1.4202662079751D-05)
   (    1.7211893612191D-04,    2.1344801049731D-04)
   (    8.9044972720072D-04,    1.8416924359037D-03)
   (   -7.3267469096182D-04,    7.3256836767092D-04)
   (   -5.6723691402725D-04,   -1.4475876442447D-04)
   (    6.6851718768408D-04,    7.7438496127377D-05)
   (   -5.1247023949962D-05,    2.4764599927048D-04)
   (   -8.4590400653554D-05,   -1.8874466066804D-04)
   (    2.6435237672895D-05,   -2.4540610943789D-04)
   (    1.5359199885843D-04,    3.9444056497019D-04)
   (    1.6288143650132D-04,    3.7246901060486D-04)
   (   -1.7014530648652D-04,   -3.7089612351254D-05)
   (   -1.5478947361553D-04,    2.4170364661368D-04)
   (   -1.3246800581802D-04,    1.8140704437239D-04)
   (   -3.9795429704866D-05,    4.4211351130193D-05)
   (   -7.0539082824690D-05,   -2.2954597883300D-05)
   (   -5.6189371982492D-05,   -3.6260723284988D-05)
   (   -2.0823033866640D-05,   -5.0827000992149D-05)
   (    9.1796657846369D-04,    3.9079524206066D-04)
   (    9.7219723823326D-05,   -2.5211727873022D-04)
   (    6.7583421699267D-04,    4.1497602416856D-04)
   (    5.8370845107544D-04,    1.5231695719638D-04)
   (   -2.3892089135639D-04,   -7.3442452182204D-05)
   (   -6.0805139068364D-04,    3.4215938058745D-04)
   (    1.0818014238148D-04,   -1.6570821654667D-04)
   (    5.2406882960945D-04,   -3.9376051445093D-05)
   (   -1.6972249732836D-04,    2.4171101375348D-04)
   (   -1.0089333721067D-04,    4.8813837456029D-05)
   (    2.2087479458648D-04,    2.9598281449827D-04)
   (   -5.2252961228193D-05,    9.5663972246732D-05)
   (   -9.9248642448755D-05,   -3.3239345925368D-05)
   (    5.0229694968706D-05,   -1.6110772179144D-05)
   (   -1.9548633833956D-05,   -1.1158260155043D-05)
   (   -4.8667757654908D-06,   -4.6021251259256D-05)
   (   -3.9174943336774D-04,   -7.9740049899543D-04)
   (   -5.2050862882091D-04,   -1.1618187320478D-03)
   (    1.1548639468961D-04,   -3.7657167068838D-04)
   (    4.6414559371939D-04,    5.1383446671303D-04)
   (   -2.2650632333284D-04,    2.4628110938677D-04)
   (   -1.7197569676641D-04,   -6.5802519272528D-04)
   (   -1.0411262673904D-04,    3.5731207111244D-05)
   (    7.3820132229548D-06,    3.7050403952040D-04)
   (    8.8024209634904D-05,   -3.7114232946792D-04)
   (    9.9301643840561D-05,   -1.4887894513748D-04)
   (   -3.5332583929427D-05,    5.8342626863804D-05)
   (   -5.2958523940478D-05,   -1.0754029231877D-04)
   (    5.6426963193982D-07,   -1.4250668848534D-04)
   (   -4.2105980592072D-05,   -1.3425458909347D-05)
   (   -4.9330126030398D-05,   -5.6527693378672D-05)
   (    2.4003570892875D-05,   -3.4053496632675D-05)
   (   -5.7083230462123D-04,    3.7961873832484D-04)
   (   -4.5707734110989D-04,    7.8565162467445D-04)
   (    3.2530415463228D-04,   -5.7002825975721D-04)
   (   -5.8219504373311D-04,   -2.3146660433337D-04)
   (   -2.2212818367075D-04,    1.0679795188838D-04)
   (    5.1992237268811D-04,    2.1469247894178D-05)
   (    9.9600407689848D-05,    1.8303890099221D-04)
   (   -4.7380635564028D-04,   -3.3931303850675D-05)
   (   -5.5445012033064D-05,    5.9453702672453D-05)
   (   -7.0964680431849D-05,    2.2768420542494D-04)
   (   -2.0626079064108D-04,   -1.1835485157654D-04)
   (   -8.7890658185318D-06,    3.8865973063764D-05)
   (    4.8643120546935D-05,    1.3249981979671D-04)
   (   -4.3239349893700D-05,    6.8768613553289D-05)
   (    2.4416479284279D-05,    9.9810484603679D-06)
   (    5.7823714319891D-04,    4.3564659388062D-04)
   (    6.8366620914195D-04,   -4.7463346376809D-04)
   (   -5.3186441734310D-04,    4.2580003985720D-04)
   (    4.6799696170571D-05,   -4.0585539786740D-04)
   (    3.5641372213786D-04,   -3.3033280926142D-04)
   (   -6.9521371681119D-06,    4.1854696787277D-04)
   (   -1.2449712506949D-05,    4.2419167278622D-05)
   (    2.6586589070936D-04,   -1.5413789069055D-04)
   (   -6.9710598718992D-06,    1.8470922272478D-04)
   (   -3.7942762856495D-05,    1.2818272045393D-04)
   (    1.6525631449301D-05,    4.2895725969472D-05)
   (    1.1266272774862D-04,    1.0605485497054D-05)
   (   -4.6039742858672D-06,   -3.3481339947101D-05)
   (   -1.0838933061680D-05,   -5.3123198644735D-05)
   (    2.1887597810189D-05,   -2.1345668023363D-05)
   (    5.7568756683343D-05,   -3.0089437775206D-04)
   (    4.2692006945211D-04,    1.2486976157599D-04)
   (   -1.6139739542927D-06,    4.2488125290287D-04)
   (   -9.7352399248685D-06,    2.9256685523552D-04)
   (   -6.2227884183209D-05,   -8.2565009310002D-05)
   (   -2.3910883378154D-04,   -2.1018348153173D-04)
   (   -2.4292711476619D-05,   -3.4189141399527D-04)
   (    3.2925018176949D-05,    1.3390690380840D-04)
   (    5.9512641774376D-05,   -4.5537626770763D-05)
   (   -4.8390138449584D-05,   -9.6117579455145D-05)
   (    2.3501785876641D-05,   -4.3930839157581D-05)
   (   -9.8462876852890D-05,   -2.7921179667104D-05)
   (   -4.7717077980439D-05,   -2.3521926609339D-05)
   (   -7.9163046769253D-06,   -4.9350616661145D-05)
   (   -3.2791338855631D-04,   -6.9202095282869D-05)
   (   -7.8281105073453D-04,    4.4124916353637D-04)
   (    1.4131448091767D-04,    4.3253770772207D-05)
   (   -3.2731001519728D-04,    8.3245940645950D-06)
   (   -3.5518669430735D-04,    1.9543595924860D-04)
   (    1.7075351375423D-04,   -1.7716803326383D-04)
   (   -1.9005698129184D-05,    4.6034317443507D-05)
   (   -4.1140728538390D-05,   -4.6222777045240D-05)
   (    2.0004675838458D-05,   -4.6199675620794D-05)
   (   -3.5972887523358D-06,    7.4310056534773D-07)
   (    4.9643814460923D-05,    6.4086001759756D-05)
   (   -5.7929632630905D-05,    5.0302459587790D-05)
   (   -7.5604860521437D-06,   -5.2671031019449D-06)
   (   -5.3188595465310D-07,    1.8955218096215D-05)
   (   -3.1315768962975D-04,    3.6835504306348D-04)
   (    7.4088925025898D-04,    9.5182508496158D-05)
   (   -7.1107199978106D-05,   -3.3350094792795D-04)
   (    2.4999001012465D-04,    1.0660080227440D-04)
   (    1.5675887608824D-04,   -1.0178845005924D-04)
   (   -5.1450254604990D-05,    1.9739454016316D-04)
   (    1.1505209205554D-04,    1.0213425434402D-04)
   (    1.5540846706272D-05,   -1.7652958953464D-04)
   (    8.1508971162025D-07,   -2.9195540056592D-05)
   (    5.9167875394200D-05,    4.4768188117762D-05)
   (   -3.1498877337986D-05,   -3.4534307848084D-05)
   (    3.6103424479988D-05,   -3.3430235846313D-05)
   (    2.3028643100672D-05,   -4.7111550369629D-06)
   (    2.9755477253958D-04,   -5.5581143077333D-04)
   (   -6.4457687691029D-04,   -5.8741334903905D-04)
   (   -1.7555322814789D-04,   -2.3005321266371D-04)
   (    2.1408562709747D-04,   -1.7563330317696D-04)
   (    2.3303406158584D-04,    1.3429325390186D-06)
   (   -8.5417278479081D-05,   -1.6746991143888D-05)
   (    1.4655958102106D-04,   -4.8759168162750D-05)
   (   -1.7752941157423D-05,    6.8279206603851D-05)
   (    6.2396595865813D-05,    3.0790778463588D-05)
   (   -5.3125410766470D-05,   -7.4362867152498D-05)
   (   -6.2081107548337D-05,   -2.0382952218301D-05)
   (    2.0815491666891D-05,   -3.8809545646664D-05)
   (   -1.1090733065684D-06,   -8.9096644223441D-06)
   (    9.5095755807782D-05,    1.1772947370351D-04)
   (   -3.1464648846737D-04,    1.7899318909749D-04)
   (   -3.8763183598836D-05,    2.8742387560290D-04)
   (   -7.6882084041072D-05,   -3.0097347375431D-05)
   (   -6.2936801686376D-05,    1.8171507321039D-04)
   (    1.1948969552472D-04,   -2.8344255889609D-05)
   (   -1.4613212557582D-04,   -9.2324038684492D-05)
   (    6.1030377967011D-05,    7.8969031373020D-05)
   (   -3.3496099659455D-05,    1.1880520359787D-04)
   (   -2.5806461765234D-05,    3.0892619642296D-05)
   (    4.8943398367431D-05,    2.6506996902627D-05)
   (   -3.5951623831434D-05,   -1.1390122525133D-05)
   (   -9.9609211252774D-05,   -4.8438905835491D-05)
   (    7.8578562518714D-04,    6.6491055351497D-04)
   (    4.0825760378941D-04,    2.3405086873725D-04)
   (   -4.3105471757086D-04,    1.2919179092095D-04)
   (   -1.0022070945916D-04,   -9.4613846471430D-05)
   (   -2.4960301415659D-05,    5.6604625345089D-05)
   (   -2.7577227703377D-05,    2.1529803723699D-04)
   (    8.4411558929142D-05,   -5.3484405622016D-05)
   (   -3.6010988238357D-05,   -4.6093863814340D-05)
   (    1.5923699193349D-05,    7.8800092585265D-06)
   (    4.0464160543793D-06,    1.1225535995319D-06)
   (    1.6396604686600D-05,    2.6800615799630D-05)
   (    1.7928207722188D-04,    2.4765821649127D-04)
   (   -1.7340761114225D-04,   -7.8679356062266D-04)
   (   -1.7611543246139D-04,   -2.2740954917279D-04)
   (    3.6057011899829D-04,    8.3767127243838D-05)
   (   -3.1363196936515D-05,   -1.1220345845423D-04)
   (   -6.0649837214741D-05,   -2.3500639515185D-04)
   (    4.1768812209490D-05,    7.8466926010745D-05)
   (   -1.0352649307153D-04,    4.3084322799499D-05)
   (    2.7741436898305D-05,   -4.7793536410754D-05)
   (    6.1602133945332D-05,   -1.5099628163377D-05)
   (   -4.3582104527963D-05,   -3.8179983757843D-06)
   (   -9.0044038630098D-05,   -1.4008234622886D-04)
   (   -5.0310687607627D-04,   -1.0175470323893D-04)
   (   -4.5292594532580D-04,   -1.6034245993149D-04)
   (    7.7151597842968D-05,   -2.2303216364617D-04)
   (    4.5834902147733D-05,   -1.0280473219939D-05)
   (    8.2209094805198D-05,    1.5080525381490D-04)
   (   -4.0840786242228D-05,   -1.9368297862818D-04)
   (   -4.9722389036855D-05,   -2.6917476072694D-05)
   (    8.4793199320280D-08,    2.7736902615277D-05)
   (    3.8030184878057D-06,    1.1264499620983D-05)
   (    1.3258139157648D-05,   -4.5063527065192D-06)
   (    2.5456095927082D-05,   -8.7895564445014D-05)
   (    1.5690326897642D-04,    4.8144368352879D-04)
   (    2.9029793033307D-04,    1.1467961658699D-04)
   (   -2.9362349547223D-04,   -7.6665494786019D-05)
   (    4.3405599685477D-05,    2.2206121745849D-04)
   (   -6.2798382122063D-05,    1.2761779012892D-04)
   (   -1.2790742023834D-04,   -3.1834290757505D-05)
   (    8.7051085101040D-05,   -2.5285662789448D-05)
   (    4.9752879501783D-06,   -1.3763444368314D-05)
   (   -4.6219410224343D-05,    2.9304318847456D-05)
   (   -5.4127572580081D-05,    2.4838224796556D-04)
   (    4.5156184257506D-04,   -1.7264879528302D-04)
   (    3.0766605691317D-04,   -2.0221804601498D-04)
   (    2.0693736170996D-04,    2.3473204952005D-04)
   (   -1.1293850937075D-04,   -2.5722974755150D-05)
   (   -1.5565500537126D-05,   -1.1504710615191D-04)
   (    1.0995974618663D-04,    4.2256739266162D-05)
   (    2.1174491025153D-05,    1.3829256403732D-05)
   (    2.5356575314210D-06,    1.2011815501999D-05)
   (    9.1504341272919D-06,   -2.5013642664229D-05)
   (    6.0705772088816D-05,   -5.9993056461389D-05)
   (   -1.3579657845692D-04,   -2.3654735723904D-04)
   (   -2.6434052987364D-04,    2.4834110947692D-04)
   (   -1.0336397037856D-04,    4.4435188972950D-05)
   (    4.1058285009882D-05,   -1.0843173809036D-04)
   (    6.4268240068969D-05,    5.4617722309023D-05)
   (    4.0455102188785D-05,    3.7429155509024D-05)
   (   -7.4036314349290D-05,   -2.6408901830943D-07)
   (    7.2172883563644D-06,   -2.2598215845906D-05)
   (   -1.0921383077964D-06,   -3.2625471255223D-05)
   (   -1.9893677762152D-04,    3.4875222468966D-04)
   (    1.7758491740785D-05,    1.2516745457502D-04)
   (    6.6519310019801D-05,   -2.2252638410196D-04)
   (   -5.8414124787575D-05,   -5.1023348724740D-06)
   (   -6.0223882924575D-05,    6.2291804765679D-05)
   (   -6.7616608178559D-05,   -1.7753777183375D-05)
   (    1.8592230732430D-06,   -2.7290748499935D-05)
   (    1.8241016185651D-05,   -6.6588674598660D-06)
   (   -1.7306739985861D-04,   -3.1782024315570D-05)
   (    9.6933488354942D-05,   -4.8163237288771D-05)
   (    1.3802400646293D-04,   -3.0488399679874D-04)
   (    5.8852150173540D-05,    1.2001653690632D-04)
   (    6.5422929838483D-05,    4.9785412628653D-05)
   (   -6.7389508611301D-05,   -1.3867300396359D-04)
   (   -1.5400036628360D-05,   -3.8752993392491D-05)
   (    5.3729512709002D-05,    3.0849878615242D-05)
   (    1.8525074788887D-05,    2.8976642615952D-05)
   (    1.6269839466309D-05,   -9.8867953347034D-05)
   (   -1.8119006305604D-04,    4.5567332602241D-05)
   (   -7.6692289692500D-05,   -5.2303767935453D-05)
   (    6.4338579344939D-05,   -9.1181619671478D-05)
   (    4.3593388156873D-05,    2.4986267617689D-05)
   (    2.8749572530511D-05,   -2.2334952378345D-06)
   (   -1.5621366260833D-05,   -1.8297053819114D-05)
   (    2.0257587882567D-04,    1.5762453635648D-05)
   (   -1.1162745200415D-04,    1.7429533972702D-05)
   (    8.4910837472826D-06,    2.0632549488658D-04)
   (   -4.1868857734770D-06,    4.8926305467008D-05)
   (   -8.8709467715536D-05,    8.2801251104234D-05)
   (   -2.6272669857622D-05,    5.3950567252002D-05)
   (   -2.0200358796154D-05,    1.3865955731675D-05)
   (   -1.4563028176512D-04,   -8.4250464412428D-05)
   (    1.2627646351483D-04,    6.0048787410036D-05)
   (    2.3678894313845D-04,   -4.8914047543037D-05)
   (   -2.5605053158596D-06,    8.2925648658890D-05)
   (   -2.9026251514542D-05,    6.3770294044251D-05)
   (    2.3615503237941D-05,   -5.0179003724571D-05)
   (    1.0005589807260D-05,   -4.1124318525807D-06)
   (   -2.8501770932322D-05,   -2.2537585874406D-05)
   (   -5.9447760465568D-05,   -1.1759138102385D-04)
   (   -2.2323425598521D-04,   -1.2917666841720D-04)
   (   -3.1852829839841D-06,   -7.8674951925427D-05)
   (    6.1245521875978D-05,   -4.1857591934575D-05)
   (   -2.7719831108455D-06,    1.0011059607231D-05)
   (    6.9407161765985D-05,    1.3323174226000D-04)
   (   -7.8739517940613D-06,    6.7094749044082D-05)
   (   -5.1467556231122D-05,    7.0226297424497D-05)
   (    1.8987422683867D-05,   -4.6394278739883D-05)
   (   -2.6506377781413D-05,   -5.5990587650284D-05)
   (   -1.4820872920222D-05,   -1.1075409257030D-05)
   (    5.7731878660160D-05,   -1.5070816140992D-04)
   (    3.1838993466122D-05,    2.1337185878360D-05)
   (    1.3952315759662D-04,    6.7192552457550D-05)
   (   -2.4863370348749D-05,    4.0365727210964D-05)
   (   -1.9370895739054D-05,    2.7247333499401D-05)
   (   -2.5042259835265D-05,    8.2567515317906D-05)
   (    2.9748053242535D-05,   -2.0598170412168D-05)
   (   -1.7609737955895D-05,   -9.9628384617809D-05)
   (    1.4804849698606D-05,    1.3889818653060D-05)
   (    9.1301934737037D-06,    2.8003216124062D-05)
   (   -7.7338052210350D-05,    4.0842598473517D-05)
   (   -6.7742091300290D-05,    8.4655166531254D-07)
   (   -8.9628267729551D-05,    1.1502657455159D-05)
   (   -1.9768357052354D-05,   -6.3799945978722D-06)
   (    7.4389379690774D-05,   -3.6475913121705D-05)
   (    4.3288772791290D-05,   -6.0680976331951D-06)
   (    5.1517836190056D-05,    2.9085262676264D-05)
   (    1.4614848575651D-05,   -1.9358474625654D-05)
   (   -3.8168892220975D-05,   -3.4818516027037D-06)
   (   -1.4633476072626D-05,    3.7135988993733D-05)
   (    2.5166929935313D-05,   -3.0091884395388D-05)
   (   -2.5504481687434D-05,   -1.7467845814390D-05)
   (   -1.4025801484800D-05,   -3.0761245095289D-05)
   (   -1.4380571497591D-05,   -8.5249552764890D-06)
   (    3.6948390825229D-05,    2.6836628719907D-05)
   (    1.7575299292682D-05,    5.2204469245044D-06)
   (   -7.7283320842086D-06,   -9.7142216917099D-06)
   (   -7.9677405443111D-06,   -1.4317669254792D-05)
   (   -3.3065475776298D-06,   -1.6870164563950D-05)
   (   -4.2925118906179D-06,    1.5017192248440D-05)
   (    2.0592524318422D-03,  0.)  (   -9.1874929596082D-03,  0.)
   (   -9.6718902449919D-03,  0.)  (   -2.3563443472274D-03,  0.)
   (   -3.8823282837647D-03,  0.)  (   -2.5073531398209D-03,  0.)
   (    2.2682690858566D-03,  0.)  (    9.5833117275087D-04,  0.)
   (    1.8858656790019D-04,  0.)  (    5.1260274859419D-04,  0.)
   (   -5.3040455535346D-04,  0.)  (   -1.4961244170124D-03,  0.)
   (   -5.1946496836167D-04,  0.)  (   -7.7296340808299D-05,  0.)
   (   -1.5670225075060D-04,  0.)  (    2.1339140811068D-04,  0.)
   (    5.6547125828682D-05,  0.)  (   -1.9861451855609D-05,  0.)
   (   -1.7942460374249D-05,  0.)  (   -1.3982442654811D-05,  0.)
   (   -1.4562877433536D-05,  0.)
   (    4.0781427962404D-05,    2.9800756029827D-03)
   (    7.7312338080207D-04,   -4.5079517236896D-03)
   (    6.5676745161275D-04,   -4.9743486627092D-03)
   (   -2.8204310858571D-04,   -1.8363540697019D-03)
   (    7.4754486972187D-05,   -2.8168600637180D-03)
   (    8.9953225949530D-04,   -2.6899944628052D-03)
   (    4.6897256814611D-04,    4.7821756342063D-04)
   (    8.4928764782304D-04,    6.3372284169174D-04)
   (    4.0399357914540D-04,   -4.6348627808900D-04)
   (    2.7167788950923D-04,    1.2113827769076D-03)
   (   -2.4520068953048D-04,    2.5204082820930D-04)
   (   -1.1049507727717D-04,   -6.8892858389869D-04)
   (   -1.0646553588970D-04,   -2.7943926132970D-04)
   (   -7.4865110040308D-05,   -4.2391267314369D-05)
   (    1.3266365682187D-04,   -1.8379329241597D-04)
   (    4.0887304476937D-05,    6.2286057437450D-05)
   (    2.7245959734122D-05,    1.5474546904592D-04)
   (   -2.0470549568731D-05,    1.1567363738077D-04)
   (   -3.9413938353564D-05,    2.0074193186267D-05)
   (   -6.0733069709690D-05,   -1.0083901687773D-06)
   (   -4.0378060964856D-05,   -1.8465475340013D-05)
   (   -4.4727306516246D-03,   -2.3479146087994D-03)
   (   -7.3590118929909D-04,    1.1604013767382D-03)
   (    3.5616088157101D-03,    1.1610647016326D-03)
   (    8.5766284274300D-05,    4.2715833695553D-04)
   (    5.4686566677072D-05,    5.0666431273302D-04)
   (    1.7468051587330D-03,    1.1432705308467D-03)
   (   -4.2179288248971D-04,    1.0506616876006D-03)
   (   -5.3089419362428D-04,    2.3604938730521D-04)
   (    7.2268470164351D-04,    3.5760497409761D-04)
   (    6.3343776499603D-05,    5.0491336783614D-04)
   (   -4.2580397205676D-04,    9.7589705499991D-05)
   (    4.9900339853922D-04,   -3.8292652735680D-05)
   (    2.7705720210475D-04,   -2.4652888042016D-05)
   (    6.3875220497328D-05,   -1.7418540460653D-04)
   (    1.1782396596476D-04,   -1.7419399394053D-04)
   (   -1.0883643243684D-05,   -1.6408321966986D-04)
   (   -1.0197531149830D-04,   -3.9265153527806D-06)
   (   -6.0258075808204D-05,   -2.1105993658710D-05)
   (   -4.7105298792449D-05,    1.5692614708666D-05)
   (    4.2044116397659D-06,   -2.2388767305490D-05)
   (   -1.9429090702642D-03,   -2.9326399020666D-03)
   (   -6.1463471592335D-04,   -5.0154866909226D-04)
   (   -2.8858960777447D-04,    1.2619677443241D-03)
   (    1.0199006797777D-03,   -1.5426789690343D-03)
   (    1.7328906401882D-03,   -1.5493244890965D-03)
   (    5.6709677164185D-04,    2.7755871149029D-05)
   (    1.4655344900812D-03,   -1.2339790996499D-03)
   (    1.4657546752600D-03,   -1.3875915733913D-03)
   (    7.8422734113933D-04,    3.3592873822941D-04)
   (    4.3428629587423D-04,   -2.0663443159319D-04)
   (    6.5130411343346D-04,   -5.2941331047745D-04)
   (    2.8326716525370D-04,    3.5079530633726D-04)
   (    1.0561959835202D-04,    2.2087807089086D-04)
   (    2.8770427982699D-05,   -3.4050390983513D-05)
   (   -3.9894948654683D-05,   -1.7319338475958D-05)
   (   -2.9372559012193D-05,    3.1737533374749D-05)
   (   -2.8273762539292D-05,   -1.0063894968966D-04)
   (   -2.9572514685191D-05,   -2.7723804489202D-05)
   (   -7.1074149392244D-06,   -2.2573883083587D-05)
   (   -4.9327710588916D-06,   -9.1736628957543D-06)
   (    3.5566088402436D-03,    2.2724153007605D-03)
   (    7.5814897844190D-04,   -1.6081524360775D-04)
   (   -2.1369594257240D-03,   -7.5857741564500D-04)
   (   -5.7236170031842D-04,    3.9720263841154D-04)
   (   -1.2974514016754D-04,    6.5728045711455D-04)
   (   -8.5703669440386D-04,    5.9200031992082D-04)
   (   -1.6248786034425D-04,   -2.4895944905670D-04)
   (    2.4380851660895D-04,    6.9478994954570D-04)
   (   -5.7075988453542D-04,    7.2605650195353D-05)
   (   -7.7489457520393D-04,   -1.3447437191627D-05)
   (    1.7935227495158D-04,   -1.1221276315111D-04)
   (   -2.2631032942961D-04,   -2.0244944738526D-04)
   (   -3.5028636015090D-04,   -2.3895469888141D-04)
   (    8.7474033905361D-05,   -1.9550360238471D-04)
   (    8.9036228563600D-05,   -1.6810154770711D-04)
   (   -1.8788407275890D-05,   -1.2964214691110D-04)
   (    4.4968255429063D-05,   -3.8427934761514D-05)
   (   -1.5954315069322D-07,   -2.2784587619942D-06)
   (   -8.5356712683225D-06,   -1.3326820088506D-05)
   (    1.5958884946586D-03,    7.2196989182166D-04)
   (    7.9741071241265D-04,    2.0982074470131D-03)
   (    2.1043187051075D-04,   -4.7561552371503D-04)
   (    1.3473797205284D-04,   -1.3087695792687D-04)
   (   -3.9173293046604D-04,    9.8318668671200D-04)
   (    5.7965076500876D-04,   -1.3679217001602D-04)
   (    7.8361294399017D-04,    1.1313785700239D-04)
   (    4.7001852421547D-04,    3.2539098254302D-04)
   (    7.0371773318472D-04,   -6.2666806097975D-05)
   (    6.8040938206766D-04,   -4.9709130400718D-04)
   (    2.8401188283412D-05,    8.3564712997737D-05)
   (   -2.7891609542501D-05,    1.1527164878511D-04)
   (    2.2478020212496D-04,   -8.4928822856612D-06)
   (   -3.4735391708494D-05,    3.5396491980726D-05)
   (   -5.2229382405051D-05,    9.8971580000259D-05)
   (    6.2262426273788D-05,    7.0124840107460D-06)
   (   -2.4308189868318D-05,    6.6057104504382D-05)
   (   -3.2516266409467D-05,    1.9968257237462D-05)
   (   -2.0355053547897D-05,    1.8388699904258D-05)
   (   -1.1129883564484D-03,   -2.1706484131886D-05)
   (   -7.0027453023527D-04,   -8.7605930408962D-04)
   (    1.0279416604779D-03,    9.1389724196473D-05)
   (    1.0868332255370D-04,    2.3305640305710D-04)
   (   -2.7246259913139D-04,    2.1216999318290D-04)
   (   -5.7734381046037D-04,   -7.4326882546425D-04)
   (   -1.6852416695854D-05,   -3.2435920093968D-04)
   (   -5.9867075540244D-04,   -4.2362529427234D-04)
   (   -2.4168117776263D-04,   -4.4493062606672D-04)
   (    2.9117040551405D-04,   -1.5419488795797D-04)
   (    5.2035300971791D-05,   -1.6581980491763D-04)
   (   -7.0154347288158D-05,   -1.9355454042295D-04)
   (    2.8058686171967D-05,   -2.9788740970882D-05)
   (    5.3753328926036D-05,    7.0249628007024D-05)
   (    7.0781088851537D-05,   -8.1411499803022D-05)
   (    2.1173740544745D-05,   -2.3184068512170D-06)
   (   -2.4904669606794D-05,    3.0808306232852D-05)
   (   -2.2110292350843D-06,    1.0528199389984D-06)
   (   -2.3848153750846D-03,   -8.3380167237587D-04)
   (   -5.8137429338684D-04,   -1.5427915259978D-03)
   (    5.4460180140743D-04,   -2.9164697145075D-04)
   (   -1.2082987318494D-04,    1.0822037348685D-03)
   (   -1.8599926065362D-04,   -3.3567418625667D-04)
   (    2.7110332330446D-04,    2.7390811221719D-04)
   (   -1.6539626462511D-05,    9.2675456158714D-04)
   (   -2.6218365678753D-04,    3.3199237329830D-04)
   (    2.7179149263559D-04,    3.3449035109556D-04)
   (    2.4180873612095D-04,    3.6823833130503D-04)
   (    1.2675178504428D-04,    3.5334563638677D-04)
   (    1.2538065365081D-04,    1.8239803631729D-04)
   (   -3.6454620436628D-05,    2.6326333983219D-04)
   (   -5.4517214571629D-05,   -1.8968687621475D-05)
   (   -3.1944046905424D-05,    2.7500986455856D-05)
   (   -2.8864988855317D-05,    6.6205079358026D-05)
   (   -3.8834971044635D-06,   -6.3606219185739D-06)
   (    1.9375592541278D-05,    2.6216717201804D-05)
   (    2.1064282466715D-03,    8.2794929012219D-05)
   (    5.2378832607262D-04,   -1.5415836288760D-04)
   (   -8.6842112966378D-04,    3.5851380607073D-04)
   (   -3.9510859322072D-04,   -5.1372933060829D-04)
   (    4.8023564630701D-04,   -5.0464931879104D-04)
   (    5.4738203265444D-04,    3.5982629089151D-04)
   (   -4.8465429052874D-04,    9.1476890334979D-05)
   (    5.2814321890948D-04,   -2.4692733625655D-04)
   (    3.0030333226257D-04,   -1.4254898250081D-04)
   (   -2.3973033195447D-04,    6.0703256351334D-05)
   (   -8.9726048692577D-05,    2.0267534415326D-06)
   (    1.1009587616707D-04,   -1.2795902191324D-05)
   (   -6.4689930076913D-05,   -8.7027990551618D-05)
   (    4.7311879357692D-05,   -4.4120332042492D-05)
   (    3.2135125617388D-05,   -1.1322796736393D-05)
   (    1.5566194155961D-05,   -1.9885771449706D-05)
   (   -1.5792832878208D-06,   -2.0391435145069D-05)
   (   -5.2925490706825D-04,    5.5113211638613D-04)
   (   -3.9281672853529D-05,    1.1112319589422D-03)
   (   -5.0965695363424D-04,    3.5186822904973D-04)
   (    1.9776485906974D-05,   -7.8083765811612D-04)
   (    3.4336753674714D-04,    7.1643584760777D-04)
   (   -1.3190996963442D-04,   -1.4223725778263D-04)
   (   -2.1031601236172D-04,   -4.9032396987065D-04)
   (    2.0599779450599D-05,   -1.4445288492802D-04)
   (    6.7375722409379D-05,    2.4116829990943D-04)
   (   -1.6880839514391D-04,   -1.8214485195088D-04)
   (   -2.4678931109742D-04,   -2.4495584407611D-04)
   (   -2.5095515082855D-04,    1.1836844931912D-04)
   (   -2.5676518646913D-05,   -8.6815710996628D-05)
   (   -1.5644899702600D-05,   -2.3645189129375D-05)
   (   -1.2904648779934D-05,    6.8777408817410D-06)
   (   -3.5117455559766D-06,    1.7994479746877D-06)
   (    2.6648758270239D-05,    3.1249239658741D-05)
   (    1.2366789088355D-04,   -5.4062727249801D-04)
   (    1.8451344513889D-04,    7.7402570691270D-04)
   (    2.9558911740535D-04,   -5.7450677932788D-05)
   (    2.2304106633732D-04,    2.3591604887642D-04)
   (   -3.8267950172576D-04,    1.9865379016244D-07)
   (   -4.3363786448431D-04,    1.5301313558536D-04)
   (    5.7828675746089D-04,   -5.1157920208139D-05)
   (    3.0068256874855D-04,    6.3953752664552D-05)
   (   -2.3652078971148D-04,    1.3635159112262D-04)
   (    3.2831888734238D-04,    2.8428306945728D-04)
   (    1.8864729190747D-04,    2.7068098022496D-04)
   (    5.6264879036539D-05,    5.4181770211940D-05)
   (    9.1559389544307D-05,    5.0885840663278D-05)
   (    9.2834140266179D-05,    7.5508481573165D-05)
   (    5.2841771913159D-05,    3.5136064063749D-05)
   (    2.5546856895983D-05,    2.0125809311338D-05)
   (   -8.2901728898765D-05,    1.0006149137180D-03)
   (    2.0998560853553D-04,   -6.0749598687768D-04)
   (    2.3091419823795D-04,    2.9119780146206D-05)
   (    2.6872860030106D-04,    5.5515209720797D-04)
   (   -2.2353111614152D-04,   -2.8241736750823D-04)
   (   -1.7845605203957D-04,   -2.0177646121486D-04)
   (   -3.9135993397584D-05,    3.9170977220089D-05)
   (    7.4397813982752D-05,    1.6203664425867D-04)
   (    1.8001981694557D-04,   -3.0113952897002D-04)
   (    8.4880929185405D-06,   -4.0079204770208D-05)
   (    1.2887696769359D-05,    1.1038270359571D-04)
   (   -1.4167267753686D-05,   -1.2735958631015D-04)
   (   -1.0666294537348D-05,   -2.2674993220251D-05)
   (   -4.5674551565272D-05,    2.5891930077664D-05)
   (   -2.5685401891267D-05,   -2.5916115898775D-05)
   (    7.4208222262791D-06,    2.0343789514740D-05)
   (   -1.6893893640934D-04,   -1.1428031356609D-03)
   (   -3.6151443408320D-04,   -7.8843028458074D-04)
   (   -5.5862218884675D-05,   -2.8401239550906D-04)
   (   -2.5051539824203D-05,   -1.7293848898182D-04)
   (   -1.2004719823932D-04,    5.4498037909423D-06)
   (    5.9441463714958D-04,    1.4975690962671D-04)
   (   -3.7418240224302D-04,    9.3028496807624D-05)
   (   -3.3392378057558D-04,   -4.8531193088490D-05)
   (    4.3547696064051D-05,    1.2047840777175D-04)
   (   -2.3685921300601D-04,   -4.0928516050563D-06)
   (   -8.3225857700377D-05,   -1.1649299398846D-04)
   (   -1.3091490821127D-05,    3.1278055821548D-05)
   (   -4.4886169563517D-06,    6.4514645470264D-05)
   (   -2.8480830157573D-05,   -3.5482554971375D-05)
   (    1.7209280604647D-05,   -4.4481555469872D-06)
   (   -1.8081037804523D-04,    4.9398691208540D-05)
   (   -6.4073272464644D-04,    6.2582874610714D-04)
   (   -4.6217538309319D-06,   -5.5548755502807D-04)
   (   -2.3318836422721D-04,   -5.7266513318328D-04)
   (    4.1831661734230D-04,    2.5723989723871D-04)
   (   -1.5199749864997D-04,    1.8015347280745D-04)
   (    1.7515764276635D-04,   -2.4474866740191D-05)
   (    1.7746152000509D-04,    2.1840239880975D-05)
   (   -6.9398948247878D-05,    1.5210491415729D-04)
   (    4.6403217962047D-05,    1.6062497166977D-04)
   (    5.2919788246601D-05,   -1.0278853421527D-05)
   (    1.0742125779430D-04,    4.7700162182945D-05)
   (   -3.4485150451719D-06,   -2.6055181209300D-05)
   (    1.7938221773123D-05,   -3.2805047829421D-05)
   (    2.6488008067844D-05,    1.6506229848183D-05)
   (    5.4270854517982D-05,    7.2092237333633D-04)
   (    4.5643285367866D-04,    3.5705865880869D-04)
   (   -2.8690138795866D-04,    4.3186552452593D-04)
   (    2.6002742744534D-04,    4.1356046932128D-04)
   (   -1.0113820970104D-04,   -2.6063229573809D-04)
   (   -4.5966993924643D-04,   -2.4402034104756D-04)
   (    2.4427814642502D-04,   -9.8010149724804D-05)
   (    5.8992860669081D-05,    3.6359895589443D-05)
   (   -7.3297517466524D-05,   -1.0163778844811D-05)
   (    5.9659017459746D-05,   -1.3829340702939D-04)
   (   -1.7437150173363D-05,    3.4973599152389D-05)
   (   -8.5151827456815D-05,    1.5053565672166D-05)
   (    2.9075148762716D-06,   -2.8008939927998D-05)
   (    1.3787894145136D-05,    1.2029404479643D-05)
   (    8.1982014664800D-04,   -4.9122042379389D-04)
   (    5.8296120420346D-04,   -5.6568645954480D-04)
   (    6.4614212747752D-05,    5.7680049460622D-05)
   (   -3.8404690772586D-04,    2.1688558535389D-04)
   (   -5.1645369190821D-05,   -2.0210045087186D-04)
   (    3.1568510612651D-04,    3.6284706634700D-05)
   (   -1.4603031412876D-04,   -4.1448422247151D-05)
   (   -1.0470188959561D-04,   -1.3833588268779D-05)
   (    8.0315548722701D-05,   -5.5476578112654D-05)
   (    7.0995225287039D-06,   -2.1780898560143D-06)
   (   -1.6095287426058D-05,    1.2066766773775D-04)
   (   -5.3303613062145D-05,   -2.7515040700799D-05)
   (   -2.2966416642141D-05,    3.4906929973715D-06)
   (   -5.9723512339742D-06,    1.3807443366705D-05)
   (   -7.6351569300724D-04,   -2.0859779679240D-04)
   (   -9.1113479561016D-04,   -2.7471724218857D-04)
   (    5.4704718472095D-04,   -8.6124387901250D-06)
   (    1.4865232023999D-04,   -4.3387531912673D-04)
   (   -7.6552228124842D-05,    2.0361017266941D-04)
   (    1.0428225329783D-04,    2.8527924671398D-06)
   (    2.4173972043031D-06,    3.8354579803133D-05)
   (    1.4215373387804D-05,   -9.8205441242964D-05)
   (    4.4800578076101D-05,   -4.6703216224792D-05)
   (   -1.4141645618933D-05,    9.3922425429589D-05)
   (    1.4204243355948D-05,   -9.1258224597511D-05)
   (    2.8003727681833D-05,   -1.0379421215855D-05)
   (    4.4005468484452D-06,    1.8064695926472D-05)
   (   -1.5897155387393D-04,    3.2204668900360D-04)
   (    1.2104702103411D-04,    2.9610542943212D-04)
   (   -1.9264885078609D-04,   -4.1419241189545D-04)
   (    1.2546327913528D-04,    1.3780825749882D-04)
   (    2.3874769162848D-04,    1.7024414738576D-04)
   (   -1.5564614883339D-04,   -1.6324313997866D-04)
   (    1.0090921617596D-04,    9.3050721792171D-05)
   (    8.1890527053003D-05,    2.9728827132839D-05)
   (   -6.2882720680866D-05,    1.4045107175663D-05)
   (   -1.9069564725015D-05,   -9.6871073152398D-05)
   (   -1.9569577444025D-05,   -1.5716220008843D-05)
   (    1.6652725644035D-05,    2.3973445710943D-06)
   (   -4.0008388813723D-06,   -2.5496427811490D-05)
   (    6.4545247541110D-04,   -6.0147307818025D-05)
   (    6.7831530765777D-04,    3.9761544334104D-06)
   (   -9.3038484532783D-05,    4.6956004230652D-04)
   (    8.6845408808413D-05,    9.9961050646836D-05)
   (    1.4928420885293D-04,   -1.1201288580189D-04)
   (    3.4992916910025D-05,    1.0656533298721D-04)
   (    4.5921414651093D-06,   -2.9762459783217D-05)
   (   -6.4093889950272D-05,    7.8064757749142D-05)
   (   -1.4444609815271D-05,    8.9447817885958D-05)
   (    3.6799823074308D-05,    1.3920317510203D-05)
   (   -1.8331839749932D-05,    3.0917801796366D-06)
   (   -1.8045218800390D-05,    3.9565947112598D-06)
   (   -3.6903713240642D-05,    1.4261475231994D-04)
   (   -1.9403789851546D-04,   -3.0979112164728D-04)
   (   -1.2390895858188D-05,   -1.9867190784678D-05)
   (   -7.0993642210383D-05,   -1.2996483466778D-04)
   (   -3.0013857116561D-04,    5.8378943941747D-05)
   (    1.8828881438457D-04,    4.9826277410336D-05)
   (   -4.8345003412759D-05,    1.1820491058364D-06)
   (    3.1977173656432D-05,    2.9925769930588D-05)
   (   -4.2003394497753D-06,   -6.1944134335796D-05)
   (   -2.6234330740695D-05,    1.2200706382807D-05)
   (    3.1872664190737D-05,    2.9111351123720D-05)
   (    1.0909272546630D-05,   -5.6238500564194D-06)
   (   -4.7334880291748D-04,   -1.3267227689434D-04)
   (   -1.2931154406197D-04,    6.4107268060362D-04)
   (    1.1647354195048D-04,    6.7123284496634D-05)
   (   -6.6257754796720D-05,   -1.0565920865750D-04)
   (   -4.2856710617840D-05,   -1.2622442984051D-04)
   (   -5.9621111242361D-05,   -8.0272910912027D-05)
   (   -7.4140396480739D-05,    1.2919061881490D-04)
   (    7.5659926723123D-06,   -2.8588025114181D-05)
   (    8.6237824820430D-06,   -4.0652864524541D-05)
   (    2.4696218727620D-05,    7.0377772604307D-06)
   (   -1.7233277046896D-05,   -1.1937939729869D-05)
   (    3.5226782974124D-04,    1.5640351473863D-04)
   (    1.6849683048338D-04,   -2.3808141341858D-04)
   (   -1.0726130413111D-04,   -2.2505728551655D-04)
   (    5.0381534932773D-05,    1.9179543318924D-04)
   (    2.2415470203395D-04,   -4.0298959477581D-05)
   (    1.3550684787333D-06,    8.2625568723447D-05)
   (    1.4644378278593D-05,   -8.8061448578839D-05)
   (   -7.7320924914051D-05,   -1.5934567480976D-05)
   (    2.7278229946470D-05,    3.4533459655851D-05)
   (    9.3284882606691D-06,    4.2152648663367D-06)
   (    5.2516582876190D-06,   -2.5310528725645D-05)
   (   -4.1394185530318D-04,   -1.4271794833212D-04)
   (   -2.2534819564887D-04,   -3.3606397859091D-04)
   (    1.1545213657897D-05,   -1.4213306942947D-04)
   (    2.0905799119404D-04,    3.4641024035274D-05)
   (   -1.6515672027065D-04,    1.2571186480665D-04)
   (   -1.0403927615636D-04,    4.3078181389627D-05)
   (    1.0027430431319D-04,   -1.1793435396888D-04)
   (    1.9288758776777D-05,    2.9173267340413D-05)
   (   -3.0023291876425D-05,    1.4646906364016D-05)
   (   -2.4388036807363D-05,   -1.7225681847483D-05)
   (    3.3047690971160D-04,   -5.7849480215367D-05)
   (   -4.9652851812708D-05,    4.7664569315909D-04)
   (    1.5722156385704D-05,    3.5585492087305D-04)
   (   -2.1756570900349D-04,   -1.2845199892841D-04)
   (    7.3361607380223D-06,   -4.0058709587395D-05)
   (    6.2052447867137D-05,   -8.7095980195170D-05)
   (   -2.0999387547378D-05,    6.5115261376812D-05)
   (    4.3180764924544D-05,    2.5466857134162D-05)
   (   -1.1259048971765D-05,   -3.0058298245182D-05)
   (    6.7769614287849D-07,   -7.8236230670625D-06)
   (   -1.1028287186763D-04,    1.9102346985361D-04)
   (    2.4836867681481D-04,    4.8575695027676D-05)
   (    4.1509651138712D-05,    1.1809329706688D-04)
   (   -1.7380576874736D-04,    1.3907690503027D-04)
   (    1.6723749520530D-04,   -7.4820088629348D-07)
   (    6.0785595027551D-05,    2.7792509244438D-05)
   (   -1.4102729239555D-05,    1.2117703623301D-04)
   (   -5.8015636651844D-05,   -4.8328525461371D-05)
   (    2.5340921951590D-05,    2.7772581786285D-06)
   (    9.8230693736702D-05,   -3.7723774506996D-04)
   (   -9.3363636933260D-05,   -3.7938891268754D-04)
   (   -1.1788186420664D-04,   -3.6114253505241D-04)
   (    2.6450291282737D-04,   -8.4344221320573D-06)
   (   -8.3508343080200D-05,   -3.6273852612092D-05)
   (   -4.6607614300448D-05,    2.1713636414093D-05)
   (    2.8741866775476D-05,   -3.1644649674741D-05)
   (    1.1986837569732D-06,   -1.8362055910278D-05)
   (   -2.6909804050129D-06,    1.4221753689217D-05)
   (   -1.1197415778803D-04,    2.9915382194855D-04)
   (   -3.0325635994957D-04,    4.9073686280228D-05)
   (   -4.8802688940837D-05,    4.2847320676553D-05)
   (   -6.8263665417627D-07,   -1.6835856254374D-04)
   (   -4.1724718131317D-05,   -3.9417557050714D-05)
   (    6.8519884561866D-06,   -5.3909460918748D-05)
   (   -2.6683337596071D-05,   -4.8584933686280D-05)
   (    3.6127448418707D-05,    5.3978526121930D-05)
   (    6.4961985679198D-05,   -6.0855964984487D-05)
   (    2.3895885289443D-04,    1.7261943187813D-04)
   (    1.4876630814572D-04,    5.2042531293292D-05)
   (   -1.2430012237875D-04,   -6.3093163597596D-06)
   (    7.6454150493237D-05,    6.0543242510085D-05)
   (    5.2292215507785D-05,   -1.2396970701274D-05)
   (   -1.0744857121515D-05,    2.6808795062415D-05)
   (   -1.5030077325136D-05,   -6.1866419621569D-07)
   (    1.8757545565370D-04,   -1.0173022586522D-05)
   (    1.1955762605655D-04,   -1.0375125363842D-04)
   (    3.4160616260531D-05,   -5.5607298836269D-05)
   (    2.5587205296177D-05,    1.5234904239390D-04)
   (    5.2998640261117D-06,    1.1135300768341D-05)
   (   -2.5464107353011D-05,    6.1350328073929D-05)
   (    4.5788291169725D-06,    1.7202169912379D-05)
   (   -2.5806584336164D-04,    5.5603057432702D-05)
   (   -1.2059631869020D-04,   -6.9332882513227D-05)
   (   -1.0560916947438D-04,    1.0576022055350D-04)
   (    5.5430145132563D-05,   -4.1529029808841D-05)
   (   -2.1339939912764D-05,   -3.6233983794661D-05)
   (    9.9781187930625D-06,    1.4652740321488D-05)
   (    7.3467895505702D-06,   -2.4399444881238D-05)
   (    6.5736254035910D-05,    2.4057815386923D-05)
   (   -4.0327585666190D-05,    1.2935747349428D-04)
   (    2.4833024674490D-05,    2.3561851394586D-05)
   (   -2.3933252847984D-05,   -6.2188468274673D-05)
   (   -1.9029607004738D-05,    5.2593529936747D-05)
   (    1.5628892559034D-05,   -6.0651513896249D-06)
   (    7.7089876505238D-07,   -5.2471826384173D-05)
   (    5.7778086670185D-05,   -9.2826425600844D-05)
   (    4.4362163866257D-05,   -1.2053141754569D-04)
   (    1.3435803146981D-05,    1.5591123694293D-05)
   (    4.5440737911375D-05,   -2.4849722397335D-05)
   (   -2.2707575611325D-05,   -1.0208821613847D-05)
   (   -2.1063697194571D-05,   -3.0326073129849D-05)
   (    3.8748867138932D-05,    3.7013383565617D-05)
   (   -4.9288026645799D-05,   -1.3492915788881D-05)
   (    2.9129403940078D-05,    6.4218147249468D-06)
   (   -1.2610555437229D-06,   -1.0744556305637D-05)
   (   -7.1686680859217D-06,    5.3849007835334D-05)
   (   -4.3813228369794D-05,    3.9177993055216D-05)
   (    6.6597317076521D-06,    1.2195463266793D-04)
   (   -2.3833195025199D-05,    3.0382260805239D-05)
   (   -3.7343902368722D-05,    1.1663804159347D-05)
   (    5.3004061971070D-05,   -4.0152338046160D-05)
   (    1.4010494098809D-05,   -5.4865531279056D-05)
   (    5.3213689681422D-05,   -4.4932383913927D-05)
   (   -2.7588875926911D-05,    2.2788487400488D-06)
   (   -4.3262410482286D-05,   -2.7877613251041D-05)
   (   -2.7062503566899D-05,    3.4100463518494D-05)
   (   -3.7240746859349D-05,   -3.5112390174073D-05)
   (    3.2867810249926D-05,   -2.3947713567744D-05)
   (    1.5168965037776D-05,    4.6474022843764D-05)
   (    7.5665564157002D-06,   -7.3174825590788D-06)
   (   -3.2292186980404D-05,    2.5253005357363D-05)
   (    7.8772628680096D-06,    3.0636600010518D-06)
   (    3.0855771417501D-05,   -9.0728232689274D-06)
   (    4.8746062628934D-05,    1.9401042349826D-05)
   (    1.5890368079640D-05,   -4.2539288391769D-05)
   (   -2.8215736943914D-05,    9.1307124665673D-06)
   (   -2.3186693556035D-05,    3.0574147284485D-05)
   (   -5.5020126988692D-06,    2.2779576903045D-06)
   (    1.2452845574001D-05,    9.5259174659942D-06)
   (    4.2867551813854D-06,   -2.5857638218987D-07)
