   500.  500.  500.  500.  500.  500.  500.  500.  500.  500.  
   500.  500.  500.  500.  500.  500.  500.  500.  500.  500.  
   500.  500.  500.  500.  500.  500.  500.  500.  500.  500.  
   500.  500.  500.  500.  500.  500.  500.  500.  500.  500.  
   500.  500.  500.  500.  500.  500.  500.  500.  500.  500.  
   500.  500.  500.  500.  500.  500.  500.  500.  500.  500.  
   500.0 500.0 500.0 
   500.  0.  0.  0.  0.  0.  0.  0.  0.  0.  0.  0.  0.  0.
   0.  0.  0.  0.  0.  0.  0.  0.  0.  0.  0.  0.  0.  0.  0.  0.  0.  0.  0.
   0.  0.  0.  0.  0.  0.  0.  0.  0.  0.  0.  0.  0.  0.  0.  0.  0.
     589.70064266492    521.83034532045    1008.8361060054    845.04596722127
     651.00823983143    940.70929595919    1421.2493226688    1595.4982353391
     1672.8062799639    1802.8494924831    1477.3967438228    952.61880289860
     503.18448053580  0.  0.  0.  0.  0.  0.  0.  0.  0.  0.  0.  0.  0.  0.  0.
   0.  0.  0.  0.   105.091081342056    145.74532405449   100.565861549893
     169.00056942207   105.216082341701  0.  0.  0.  0.  0.  0.  0.  0.  0.  0.
   0.  0.  0.  0.  0.  0.  0.  0.  0.  0.  0.  0.    131.94642124662  0.  0.  0.
     161.49885248339    225.92731876155    423.15818091157    460.01410006445
   0.  0.  0.    1247.3616949384    2209.6583119666    2739.4023945006
     2864.5442818982    2660.7986666930    1877.2258523544    699.13396176664
   0.  0.  0.  0.  0.  0.    591.16137310195    400.92522128165    207.85406511213
     195.29527829261  0.  0.  0.    94.093367996029    138.50030986419
     147.53600030171    46.452768265089    50.073445484335    68.548991393202
     321.10305009144    587.58394458522    367.76115805577    367.77043832568
     266.73556905774    187.37743016754    186.92165634397    654.43206730131
     330.41266835174    424.09663352524    157.83711702644   103.528734206867
     134.73168003913    273.74142422865    448.39149098672    452.30066755772
     416.48912767856  0.  0.  0.    385.92973877808    575.20142291008
     719.67542855895    589.02953191418  0.    278.34287784793    282.13970592887
     224.24215175375    206.15842283226    155.29447221218  0.    146.69422919464
     211.93354000736    190.00123748893  0.    389.74104083309    510.40700018016
   0.  0.    919.22051308206    2364.2294990764    2841.6101663194
     2405.3758253091    1392.9248134174  0.  0.  0.  0.  0.  0.    614.33631147637
     428.32501892644    84.464877715384    90.432143442883    97.955196433039
     92.972932644279    110.35452721201    127.35742729499    146.70105555745
     220.51551062505    89.996716645347    83.097419730053    84.033021016672
     92.548784808654    255.44877715358    484.47845769820    483.83754439368
     453.34204625780    433.58493348343    232.62364271272    229.94079675834
     527.50991032258    674.20251507933    1276.8260884593    1105.9038794866
     531.31654333642    646.28545513890    545.24947376617    450.77992434611
     295.39072790368  0.  0.  0.    139.15541942322    231.28863360871
     587.77216671670    868.88703191885    1039.4131787001    1031.9768696295
     1141.8257173486    495.36415547302    293.34362213898    335.39572402225
     383.40852144233    290.70420486982    148.73453328113    196.31993875694
   0.  0.    204.68822529431    323.67242659384  0.  0.    924.97109617687
     2072.9307146834  0.  0.  0.  0.  0.  0.  0.  0.  0.    206.22665081751
     123.91320718945  0.    90.496535181920    136.86612108411    131.74408665489
     125.74752692809    135.78889845175    207.57257234346    171.47520244271
     77.080077931924    84.079065094974    91.317855966311    115.53584568862
     215.83492470084    336.96464610765    387.31724209175    548.42027346449
     825.46926677737    824.23637671489    686.32334992643    741.84715525074
     623.19666536668    688.31108605331  0.  0.  0.  0.  0.  0.  0.  0.  0.  0.
     255.82812703104  0.  0.  0.    864.49278252688    1142.1863451723
     962.28083120076    545.38456370501    422.71836749417    458.50850496536
     363.93185053844    181.93350695566  0.  0.  0.    271.83569349261
     304.21586588292  0.  0.  0.  0.  0.  0.  0.  0.  0.  0.  0.    117.99613687249
   0.    188.02069953076    169.21321918176    147.44331368123    158.08496192947
     161.83969217157    157.70258259443    151.49923540510   103.141912093808
     285.77920902394    240.22477077042    219.28697069757    239.44898044886
     172.55249480402    572.23642071003    1120.1964524349    1284.2829621162
     1229.0628679654    832.59881615078    1115.1520263262    849.88688095681
     644.72578533856    431.99407900358    613.58181551060    283.18158303917
   0.  0.  0.  0.  0.  0.  0.  0.  0.  0.  0.  0.  0.  0.  0.    583.56538198355
     1107.0059014090    1411.7757574569    820.07998662820    580.86318045155
     393.04132992828    244.10264472298    245.90851529638    133.89927055218
     148.34574991861    457.75587789020    554.74283133649    369.46010709839
   0.  0.  0.  0.  0.  0.  0.  0.  0.    143.73064389710    177.82997567444
     589.30944124676    844.14855699073    414.70700094935    443.53790848516
     261.23776352923    108.75863698880    134.61000053174    87.356123054546
    -14.910307606883    144.85824786035    136.43788426529    296.26533255147
     514.76922568374    798.20071121388    950.14442304826    1602.9573455431
     1980.1831238543    1839.9785954358    1363.2959058926    1078.5848830650
     846.77053404758    353.03326121440    360.25473598366    328.61980625741
   0.  0.  0.  0.  0.  0.  0.  0.  0.  0.  0.  0.  0.  0.  0.  0.  0.
     533.42281042137    1051.1676716653    1544.5760980719   1007.25425883921
     613.19523214094    366.23797835471    335.30283540564    248.76398828315
     264.20066413881    352.19300490674    260.95529123808  0.  0.  0.  0.  0.
   0.  0.  0.  0.  0.  0.    660.37346035836  0.  0.  0.    655.82965496126
     380.87375248491    1037.6853224589    1522.3923483917    1316.2891813027
     63.250615046502    126.79715581473    156.40571032999    706.83401070433
     2122.6529823363    2006.5669880134    1510.5520252619    1210.1685413196
     1771.4924788816    1433.0302634055    1295.2858351289    1268.8399942595
     825.58515461134    290.81108255058    738.89092889344  0.  0.  0.  0.  0.
   0.  0.  0.  0.  0.  0.  0.  0.  0.  0.  0.  0.  0.    881.93711160656
     1587.1361562425    1917.2069742979    2056.4586245868    937.98317991914
     374.14367014779    227.54299674842    234.23538745113    311.32205625739
     283.96365605494  0.  0.  0.  0.  0.  0.  0.  0.  0.  0.  0.    718.56360259855
     817.25886366940    646.38074731780  0.  0.  0.  0.    969.53831481717
     653.33956908952    1197.5589291585    1185.4714418326    993.35368672048
     887.24367539890    1853.0100761580    3341.5174043632    3741.6718641289
     3954.0354399371    4669.2894072913    4123.2758072424    3328.6519213131
     1561.2910452924    732.31881425445    99.643716316857  0.  0.  0.  0.  0.
   0.  0.  0.  0.  0.  0.  0.  0.  0.  0.  0.  0.  0.  0.  0.  0.    1172.3223213267
     1479.1417938406    2086.6826038441    916.63766512058    259.87799871700
     128.39532823429    322.08776157730    221.14938052035  0.  0.  0.  0.  0.
   0.  0.  0.  0.  0.  0.  0.    516.44735432124    643.18609265221
     345.46093914517    457.81526448045    275.71613411527    142.49717787976
     126.38482951000    524.47381753277    731.06894854769    268.13305145364
     1343.5460735956    1435.1176273874    1039.9444511515    1362.5149037597
     258.54636318336    2439.4804375147    4813.2130286020    4974.6746828515
     4318.7926467153    3352.2675461162    835.87508078150    343.90546707055
     224.16534326137  0.  0.  0.  0.  0.  0.  0.  0.  0.  0.  0.  0.  0.  0.  0.
   0.  0.  0.  0.  0.  0.  0.    591.84336379923    1442.6119663315
     699.85532189949   104.965869372297  0.    76.871173113689  0.  0.  0.  0.
   0.  0.  0.  0.  0.  0.  0.  0.  0.    902.60417005558    291.61986341054
     881.21654337366    784.22592073103    535.31901680941    388.40102225454
     370.88960972024    364.33541940395    832.06533303200    698.60766983946
     191.51172574372    447.81072477964  0.    332.46908623440    292.00971345499
     344.72772604288    346.59519413203    621.48850183687    860.20068917920
     1991.6667974613    885.01348629105    358.11969488172    448.88051078376
   0.  0.  0.  0.  0.  0.  0.  0.  0.  0.  0.  0.  0.  0.  0.  0.  0.  0.  0.
   0.  0.  0.  0.    1377.5516709321    1222.1776055636  0.  0.  0.  0.  0.  0.
   0.  0.  0.  0.  0.  0.  0.  0.  0.    298.54532744584    332.16072249236
     399.01269653658    552.15566107067    592.47889119275    674.62936199419
     608.03164178875    447.54640404591    454.75939158690  0.    964.31300401723
     360.49538579134    213.16443529207  0.  0.    387.52637846246
     381.49415951945    347.33402136695  0.    516.72634444494    750.30593661381
     351.18079718478  0.  0.  0.  0.  0.  0.  0.  0.  0.  0.  0.  0.  0.  0.  0.
   0.  0.  0.  0.  0.  0.  0.  0.  0.  0.  0.    1517.2526796272    932.25238154161
   0.  0.  0.  0.  0.  0.  0.  0.  0.  0.  0.  0.  0.  0.    283.22682198494
     352.26127564372    301.78888685301    381.32618320422    393.23000437769
     328.63084686286    802.02708749284    688.59802849213    535.09662314297
     1226.7973186636    1144.0659267586  0.  0.  0.  0.  0.    439.64169788170
   0.  0.  0.    223.75056514533    327.60824715441  0.  0.  0.  0.  0.  0.  0.
   0.  0.  0.  0.  0.  0.  0.  0.  0.  0.  0.  0.  0.  0.  0.  0.  0.  0.  0.
   0.  800.    824.61051552632  800.  775.  750.  0.  0.  0.  0.  0.  0.  0.  
0.  0.  0.
     246.39681123469    312.51940343097    224.91516246166    295.08674581239
     603.53208857489    516.95207204488    643.45651368822    516.02620283707
     858.19857068119    1735.3775503532    791.46816535792  0.  0.  0.  0.  0.
   0.  0.  0.  0.  0.  0.  0.  0.    319.53135916830  0.  0.  0.  0.  0.  0.  0.
   0.  0.  0.  0.  0.  0.  0.  0.  0.  0.  0.  0.  0.  0.  0.  0.  0.  0.  0.
   0.  0.    734.84773163692    318.80762543048    307.84052825976  0.  0.  0.
   0.  0.  0.  0.  0.    364.57359449950    305.46659785603  0.  0.
     548.48265931115    502.92863298753    487.76603539989    841.60321363906
     1015.2417505874    706.66872285086    236.77156968712  0.  0.  0.  0.  0.
   0.  0.  0.  0.    288.50253482223  0.    420.43364955436    430.71700556081
   0.  0.  0.  0.  0.  0.  0.  0.  0.  0.  0.  0.  0.  0.  0.  0.  0.  0.  0.
   0.  0.  0.  0.  0.  0.  0.  0.  0.  0.    646.45612246182    304.09989065905
     426.90042456209    225.33254254543  0.  0.  0.  0.  0.  0.  0.  0.  0.  0.
   0.    425.50995675333    466.25344088637    479.07139195303    978.54804265292
     1181.2677393419    675.36573314451    118.38578484356  0.  0.  0.  0.  0.
   0.  0.  0.  0.    144.25126741111  0.    290.45956097336    215.35850278041
   0.  0.  0.  0.  0.  0.  0.  0.  0.  0.  0.  0.  0.  0.  0.  0.  0.  0.  0.
   0.  0.  0.  0.  0.  0.  0.  0.  0.    443.48450872524    376.45857219529
     186.64161643002    237.89530524983    158.85012498364    56.002581426587
     52.487044219406  0.  0.  0.  0.  0.  0.  0.  0.  0.    302.53725419550
     429.57824878520    470.37674850617    1115.4928716668    1347.2937280963
     644.06274343816  0.  0.  0.  0.  0.  0.  0.  0.  0.  0.  0.  0.
     160.48547239236  0.  0.  0.  0.  0.  0.  0.  0.  0.  0.  0.  0.  0.  0.  0.
   0.  0.  0.  0.  0.  0.  0.  0.  0.  0.  0.  0.  0.  0.    886.96901745048
     106.46102192876    69.183342200989    48.890185937577    92.367707421863
     112.00516285317   104.974088438812  0.  0.  0.  0.  0.  0.  0.  0.  0.  0.
     886.94421146946    900.05606171615    1051.7544642559    1224.8554913061
     447.03774851102  0.  0.  0.  0.  0.  0.  0.  0.  0.  0.  0.  0.  0.  0.  0.
   0.  0.  0.  0.  0.  0.  0.  0.  0.  0.  0.  0.  0.  0.  0.  0.  0.  0.  0.
   0.  0.  0.  0.  0.  0.  0.  0.    1960.5040885744    335.22890069694
     124.70165875552    143.39103826849    273.24885101015    278.25971207524
     346.48351079566    408.22739319700  0.  0.  0.  0.  0.  0.  0.  0.  0.
     1383.4746319945    1149.2918928432    1130.0288518252    854.00874170839
     412.79897428741  0.  0.  0.  0.  0.  0.  0.  0.  0.  0.  0.  0.  0.  0.  0.
     157.52374020856    133.64058688600  0.  0.  0.  0.  0.  0.  0.  0.  0.  0.
   0.  0.  0.  0.  0.  0.  0.  0.  0.  0.  0.  0.  0.  0.  0.  0.    2748.6997157269
     938.15971067605    308.15162713301    370.35587474768    441.76340030206
     646.81946879881    456.90581034002  0.  0.  0.  0.  0.  0.  0.  0.  0.
     1180.3943056042    1018.9278061520    1014.6395940804    534.19026599161
   0.    662.90814988094  0.  0.  0.  0.  0.  0.  0.  0.  0.  0.  0.  0.  0.
     225.99011009799    363.86243501880    269.41651403388    179.25975888331
     404.64337948425  0.  0.  0.  0.  0.  0.  0.  0.  0.  0.  0.  0.  0.  0.  0.
   0.  0.  0.  0.  0.  0.  0.  0.  0.  0.    3332.7742919441    507.41812786812
     244.59710027154    531.92790824053    775.07286370594  0.  0.  0.  0.  0.
   0.  0.  0.  0.  0.    1107.3893725907    1080.9160821948    1173.0383381309
     210.70920116308  0.  0.  0.  0.  0.  0.  0.  0.  0.  0.  0.  0.  0.  0.
     467.06792569086    448.54822506329    549.42774734866    339.63297386039
     135.63454714161    331.73881460079    275.31014280135  0.  0.  0.  0.  0.
   0.  0.  0.  0.  0.  0.  0.  0.  0.  0.  0.  0.  0.  0.  0.  0.  0.  0.  0.
     3076.3341848458    203.76351402393    217.54075852206    604.02182957893
   0.  0.  0.  0.  0.  0.  0.  0.  0.  0.  0.  0.    1104.4586527627
     1348.1736594735  0.  0.  0.  0.  0.  0.  0.  0.  0.  0.  0.  0.  0.  0.  0.
     390.05738966537    351.14613407862    268.14927885616    180.51496249304
     151.83470444239    177.49260244967    463.44894360837  0.  0.  0.  0.  0.
   0.  0.  0.  0.  0.  0.  0.  0.  0.  0.  0.  0.  0.  0.  0.  0.  0.  0.  0.
     1603.0838443244    141.31219763921    136.70689472177  0.  0.  0.  0.  0.
   0.  0.  0.  0.  0.  0.  0.  0.  0.  0.  0.  0.  0.  0.  0.  0.  0.  0.  0.
   0.  0.  0.  0.  0.  0.  0.  0.  0.  0.    120.81697393727    336.17552617902
   0.  0.  0.  0.  0.  0.  0.  0.  0.  0.  0.  0.  0.  0.  0.  0.  0.  0.  0.
   0.  0.  0.  0.  0.  0.    849.30395646996    127.45926591936  0.  0.  0.  0.
   0.  0.  0.  0.  0.  0.  0.  0.  0.  0.  0.  0.  0.  0.  0.  0.  0.  0.  0.
   0.  0.  0.  0.  0.  0.  0.  0.  0.  0.  0.  0.  0.  0.  0.  0.  0.  0.  0.
   0.  0.  0.  0.  0.  0.  0.  0.  0.  0.  0.  0.  0.  0.  0.  0.  0.  0.  0.
     770.81809556315    552.98582135484  0.  0.  0.  0.  0.  0.  0.  0.  0.  0.
   0.  0.  0.  0.  0.  0.  0.  0.  0.  0.  0.  0.  0.  0.  0.  0.  0.  0.  0.
   0.  0.  0.  0.  0.  0.  0.  0.  0.  0.  0.  0.  0.  0.  0.  0.  0.  0.  0.
   0.  0.  0.  0.  0.  0.  0.  0.  0.  0.  0.  0.  0.  0.    695.24571048775
     409.46124812149  0.  0.  0.  0.  0.  0.  0.  0.  0.  0.  0.  0.  0.  0.  0.
   0.  0.  0.  0.  0.  0.  0.  0.  0.  0.  0.  0.  0.  0.  0.  0.  0.  0.  0.
   0.  0.  0.  0.  0.  0.  0.  0.  0.  0.  0.  0.  0.  0.  0.  0.  0.  0.  0.
   0.  0.  0.  0.  0.  0.  0.  0.  0.  0.  0.  0.  0.  0.  0.  0.  0.  0.  0.
   0.  0.  0.  0.  0.  0.  0.  0.  0.  0.  0.  0.  0.  0.  0.  0.  0.  0.  0.
   0.  0.  0.  0.  0.  0.  0.  0.  0.  0.  0.  0.  0.  0.  0.  0.  0.  0.  0.
   0.  0.  0.  0.  0.  0.  0.  0.  0.  0.  0.  0.  0.  0.  0.  0.  0.  0.  0.
   0.  0.  0.  0.  0.  0.  0.  0.  0.  0.  0.  0.  0.  0.  0.  0.  0.  0.  0.
   0.  0.  0.  0.  0.  0.  0.  0.  0.  0.  0.  0.  0.  0.  0.  0.  0.  0.  0.
   0.  0.  0.  0.  0.  0.  0.  0.  0.  0.  0.  0.  0.  0.  0.  0.  0.  0.  0.
   0.  0.  0.  0.  0.  0.  0.  0.  0.  0.  0.  0.  0.  0.  0.  0.  0.  0.  0.
   0.  0.  0.  0.  0.  0.    1654.2870493543    1815.6235335384    2047.0505825495
     1827.6669795940    863.33846680797  0.    1749.8669178882    1976.1374645845
     2103.0552131349    2165.8901692573    2117.7440931624    2085.5670756992
     1839.4729484170    1772.5767405001    1973.8994243750    1922.7314126100
     2063.0572450777    1828.6403818848    1377.0375902935    1360.3101398420
   0.  0.  0.  0.  0.  0.  0.  0.  0.  0.  0.  0.  0.  0.  0.  0.  0.  0.  0.
   0.  0.  0.  0.  0.   1006.18139291794  0.  0.  0.  0.  0.  0.  0.  0.  0.  0.
   0.    2463.8676806552    3110.7445993061    3350.3642865732    3236.1355074406
     3127.5638638084    3094.1085161880    2907.7137355460    2941.1062598458
     2877.2167204810    2751.0893083192    2544.7305301853    2005.3635238161
     1560.4269062424    2406.9474183109    3032.5546503253    3276.7671999767
     3462.5394968641    3506.6735636274    3289.8729703356    3083.9934811697
     3082.4345172863    3069.8602767287    3035.3469834198    2902.3501204318
     2726.3143657562    2585.2370664081    2418.7148423107    2261.9800052660
     2087.5270963995    1324.1658107001  0.  0.  0.  0.  0.  0.  0.  0.  0.  0.
     1238.5452474863    1409.3396345378    1103.3583772807    1076.9388102882
     836.08377646133  0.    572.56979769949    706.75482657664    938.07392555349
     856.18864076452    455.75364138031    587.00070791400    975.76825558901
   0.  0.  0.  0.  0.  0.  0.  0.    1588.7477920304    1932.0910012984
     2388.1878710829    2749.1865828216    3063.8961907064    3246.1991572266
     3322.2545351160    3383.3133092992    3442.2920623089    3488.7061709176
     3536.4165603586    3493.8780872978    3369.6781756406    3337.3186515081
     3366.3565427762    3523.7574191979    3654.8928229702    3685.0676200835
     3707.8179042160    3733.0581835128    3583.9051390883    3466.3876195974
     3329.7952846329    3158.3275352163    3091.3593996694    2995.3356932048
     2794.3008522758    2603.7569850515    2449.0968905276    2289.0588524993
     1996.4771967770    1627.5171254487    967.53911095339  0.  0.  0.  0.  0.
   0.  0.    439.27743591740    506.36117061732    658.33976007255
     912.67190465564    1195.7555900077    1323.5293839363    1533.7189764718
     1681.6686170375    1857.6263390256    1963.6840056311    2035.1180230140
     1822.9159821146    1109.7419521550    437.26855824842  0.  0.  0.  0.
     599.07672782007    475.87202219274  0.    655.62361717533    960.65958283046
     1697.7291306161    2448.5612509382    2765.9102407005    2814.3800014260
     2686.3100458156    2731.3865569724    2875.6131656725    2928.1517453746
     2982.6274909282    3058.6791657069    3159.1622892827    3231.1418475655
     3299.2321529670    3329.1902055048    3377.0283620463    3403.9801149316
     3441.4236070794    3407.5700128222    3338.4049080900    3312.8986809641
     3290.3232550314    3228.1204303616    3186.3923980176    3148.8845946176
     3093.7627190941    3043.5282090544    2936.9360184191    2851.1537002463
     2800.0359810955    2776.9230513489    2749.1289081934    2643.9890572645
     2519.8990923376    2508.0127567478    2147.3585518055    2366.3831249156
     2306.0407300867    2347.3862387637    2259.2713128424    2173.2680420719
   1500.    1234.1033726229    1115.8548152198    1197.8636761804    1328.0810926777
     1407.7917870749    1564.0705063252    1740.5339055759    1942.8007085272
     2177.5703130327    2178.8739479867    2163.2871973567    2002.0046486748
     1534.3975424159    1171.3568574165    1285.0799863131    1346.8976879086
     1319.3310085924    1552.0517343242    1664.6286842859    1712.3838971113
     1876.6433535225    2013.3250406540    2146.2536270866    2344.5658782449
     2584.3520252334    2738.3195507508    2730.9872088365
